All Layer Optical Constants
Wavelength (nm)	e1, Ordinary, Biaxial	e1, Extra-ordinary, Biaxial	e2, Ordinary, Biaxial	e2, Extra-ordinary, Biaxial
210.000000	2.069381	-2.108856	5.862803	7.191521	
211.000000	2.115506	-2.746870	5.900596	5.145761	
212.000000	2.162763	-2.971875	5.936599	5.204163	
213.000000	2.211051	-3.203063	5.970799	5.267060	
214.000000	2.260268	-3.441247	6.003186	5.334692	
215.000000	2.310318	-3.686682	6.033753	5.407283	
216.000000	2.361105	-3.939546	6.062500	5.485036	
217.000000	2.412533	-4.199989	6.089427	5.568133	
218.000000	2.464513	-4.468184	6.114542	5.656732	
219.000000	2.516953	-4.744351	6.137855	5.750958	
220.000000	2.569769	-5.028731	6.159377	5.850911	
221.000000	2.622875	-5.321620	6.179126	5.956656	
222.000000	2.676190	-5.623392	6.197121	6.068224	
223.000000	2.729636	-5.934508	6.213385	6.185610	
224.000000	2.783138	-6.255532	6.227943	6.308770	
225.000000	2.836621	-6.587139	6.240825	6.437624	
226.000000	2.890018	-6.930155	6.252059	6.572051	
227.000000	2.943261	-7.285584	6.261678	6.711894	
228.000000	2.996286	-7.654643	6.269718	6.856954	
229.000000	3.049034	-8.038792	6.276215	7.006997	
230.000000	3.101447	-8.439786	6.281207	7.161749	
231.000000	3.153471	-8.859730	6.284733	7.320903	
232.000000	3.205054	-9.301161	6.286836	7.484117	
233.000000	3.256150	-9.767120	6.287558	7.651016	
234.000000	3.306712	-10.261271	6.286940	7.821198	
235.000000	3.356700	-10.788040	6.285027	7.994231	
236.000000	3.406073	-11.352802	6.281865	8.169662	
237.000000	3.454797	-11.962090	6.277496	8.347015	
238.000000	3.502836	-12.623910	6.271968	8.525798	
239.000000	3.550162	-13.348168	6.265326	8.705503	
240.000000	3.596746	-14.147237	6.257615	8.885610	
241.000000	3.642563	-15.036716	6.248881	9.065595	
242.000000	3.687591	-16.036539	6.239169	9.244926	
243.000000	3.731808	-17.172588	6.228524	9.423075	
244.000000	3.775198	-18.479126	6.216991	9.599512	
245.000000	3.817746	-20.002537	6.204616	9.773716	
246.000000	3.859436	-21.807238	6.191439	9.945174	
247.000000	3.900259	-23.985834	6.177506	10.113387	
248.000000	3.940205	-26.677301	6.162859	10.277872	
249.000000	3.979266	-30.102787	6.147540	10.438283	
250.000000	4.017438	-34.647015	6.131588	10.597281	
251.000000	4.054717	-41.076767	6.115044	10.804157	
252.000000	4.091099	-51.095856	6.097947	11.545956	
253.000000	4.126585	-67.877426	6.080334	15.688306	
254.000000	4.161177	-92.880348	6.062244	32.756416	
255.000000	4.194874	-113.742569	6.043712	77.279984	
256.000000	4.227683	-98.309143	6.024773	145.667755	
257.000000	4.259606	-28.242197	6.005461	195.085098	
258.000000	4.290650	60.077679	5.985808	181.840424	
259.000000	4.320822	109.456680	5.965847	119.732079	
260.000000	4.350131	107.915756	5.945608	59.126007	
261.000000	4.378583	84.107712	5.925120	26.326530	
262.000000	4.406189	62.337601	5.904412	15.062120	
263.000000	4.432960	48.330589	5.883511	12.507918	
264.000000	4.458906	39.735760	5.862443	12.149417	
265.000000	4.484038	34.044998	5.841234	12.153898	
266.000000	4.508370	29.951836	5.819907	12.193464	
267.000000	4.531913	26.838224	5.798486	12.228691	
268.000000	4.554681	24.380680	5.776992	12.256362	
269.000000	4.576687	22.388586	5.755446	12.276384	
270.000000	4.597945	20.740034	5.733868	12.288880	
271.000000	4.618468	19.352615	5.712276	12.294000	
272.000000	4.638272	18.168297	5.690690	12.291915	
273.000000	4.657371	17.144855	5.669126	12.282816	
274.000000	4.675778	16.250702	5.647599	12.266912	
275.000000	4.693510	15.461736	5.626125	12.244424	
276.000000	4.710580	14.759200	5.604718	12.215593	
277.000000	4.727004	14.128263	5.583392	12.180669	
278.000000	4.742796	13.557004	5.562159	12.139914	
279.000000	4.757973	13.035713	5.541031	12.093597	
280.000000	4.772546	12.556396	5.520019	12.042001	
281.000000	4.786533	12.112418	5.499133	11.985409	
282.000000	4.799948	11.698215	5.478383	11.924114	
283.000000	4.812804	11.309098	5.457777	11.858409	
284.000000	4.825117	10.941055	5.437325	11.788593	
285.000000	4.836901	10.590620	5.417032	11.714963	
286.000000	4.848169	10.254792	5.396906	11.637818	
287.000000	4.858935	9.930976	5.376955	11.557456	
288.000000	4.869215	9.616905	5.357183	11.474172	
289.000000	4.879019	9.310603	5.337595	11.388258	
290.000000	4.888362	9.010305	5.318196	11.300002	
291.000000	4.897258	8.714425	5.298991	11.209690	
292.000000	4.905718	8.421535	5.279983	11.117599	
293.000000	4.913755	8.130368	5.261176	11.024000	
294.000000	4.921382	7.839777	5.242571	10.929160	
295.000000	4.928610	7.548731	5.224173	10.833336	
296.000000	4.935452	7.256283	5.205983	10.736780	
297.000000	4.941917	6.961545	5.188002	10.639733	
298.000000	4.948019	6.663676	5.170232	10.542429	
299.000000	4.953768	6.361901	5.152674	10.445094	
300.000000	4.959173	6.055493	5.135329	10.347942	
301.000000	4.964246	5.743763	5.118196	10.251182	
302.000000	4.968997	5.426062	5.101278	10.155009	
303.000000	4.973437	5.101742	5.084572	10.059612	
304.000000	4.977572	4.770159	5.068079	9.965168	
305.000000	4.981414	4.430661	5.051798	9.871844	
306.000000	4.984972	4.082616	5.035729	9.779798	
307.000000	4.988254	3.725391	5.019870	9.689174	
308.000000	4.991268	3.358349	5.004221	9.600105	
309.000000	4.994023	2.980850	4.988780	9.512710	
310.000000	4.996528	2.592217	4.973544	9.427089	
311.000000	4.998788	2.191739	4.958514	9.343323	
312.000000	5.000812	1.778665	4.943687	9.261464	
313.000000	5.002606	1.352218	4.929061	9.181532	
314.000000	5.004179	0.911602	4.914634	9.103498	
315.000000	5.005536	0.455961	4.900404	9.027271	
316.000000	5.006684	-0.015604	4.886369	8.952680	
317.000000	5.007628	-0.504086	4.872527	8.879443	
318.000000	5.008377	-1.010579	4.858874	8.807137	
319.000000	5.008934	-1.536334	4.845410	8.735158	
320.000000	5.009305	-2.082769	4.832130	8.662667	
321.000000	5.009496	-2.651549	4.819033	8.588538	
322.000000	5.009512	-3.244685	4.806116	8.511292	
323.000000	5.009358	-3.864646	4.793376	8.429020	
324.000000	5.009037	-4.514541	4.780811	8.339321	
325.000000	5.008556	-5.198349	4.768417	8.239217	
326.000000	5.007917	-5.921209	4.756193	8.125093	
327.000000	5.007127	-6.689796	4.744135	7.992653	
328.000000	5.006187	-7.512784	4.732241	7.836892	
329.000000	5.005102	-8.401503	4.720507	7.652144	
330.000000	5.003876	-9.370780	4.708931	7.432227	
331.000000	5.002511	-10.440032	4.697511	7.170760	
332.000000	5.001012	-11.634715	4.686243	6.861820	
333.000000	4.999381	-12.988137	4.675124	6.501138	
334.000000	4.997620	-14.543605	4.664152	6.088195	
335.000000	4.995733	-16.356716	4.653324	5.629682	
336.000000	4.993723	-18.497297	4.642638	5.144867	
337.000000	4.991592	-21.050081	4.632090	4.673349	
338.000000	4.989342	-24.112715	4.621677	4.285364	
339.000000	4.986974	-27.789122	4.611398	4.094091	
340.000000	4.984493	-32.176205	4.601250	4.268297	
341.000000	4.981899	-37.342316	4.591228	5.042178	
342.000000	4.979193	-43.297157	4.581333	6.717868	
343.000000	4.976377	-49.955418	4.571560	9.655232	
344.000000	4.973454	-57.099407	4.561907	14.244043	
345.000000	4.970424	-64.349304	4.552372	20.855991	
346.000000	4.967289	-71.151649	4.542952	29.778328	
347.000000	4.964050	-76.796417	4.533645	41.136692	
348.000000	4.960706	-80.469521	4.524448	54.820442	
349.000000	4.957261	-81.340790	4.515359	70.427711	
350.000000	4.953713	-78.678612	4.506376	87.247459	
351.000000	4.950066	-71.973694	4.497497	104.291245	
352.000000	4.946316	-61.048527	4.488719	120.378006	
353.000000	4.942467	-46.128567	4.480040	134.263718	
354.000000	4.938518	-27.856497	4.471458	144.796265	
355.000000	4.934469	-7.241733	4.462971	151.068390	
356.000000	4.930321	14.448994	4.454578	152.540604	
357.000000	4.926073	35.841854	4.446277	149.110641	
358.000000	4.921725	55.620121	4.438064	141.118042	
359.000000	4.917277	72.673462	4.429940	129.284851	
360.000000	4.912728	86.208191	4.421902	114.606636	
361.000000	4.908078	95.803757	4.413949	98.216270	
362.000000	4.903328	101.412422	4.406078	81.245293	
363.000000	4.898475	103.310150	4.398290	64.705200	
364.000000	4.893519	102.014000	4.390582	49.403793	
365.000000	4.888460	98.184753	4.382954	35.902645	
366.000000	4.883296	92.532127	4.375403	24.513632	
367.000000	4.878027	85.735779	4.367930	15.326202	
368.000000	4.872651	78.389221	4.360533	8.254025	
369.000000	4.867166	70.968628	4.353212	3.089396	
370.000000	4.861573	63.823536	4.345966	-0.444099	
371.000000	4.855869	57.184292	4.338794	-2.647208	
372.000000	4.850053	51.179916	4.331697	-3.812027	
373.000000	4.844123	45.860649	4.324673	-4.200875	
374.000000	4.838078	41.220764	4.317723	-4.035529	
375.000000	4.831917	37.218739	4.310847	-3.494397	
376.000000	4.825637	33.793377	4.304046	-2.714977	
377.000000	4.819237	30.875544	4.297319	-1.799246	
378.000000	4.812715	28.395985	4.290668	-0.820187	
379.000000	4.806069	26.289898	4.284092	0.171765	
380.000000	4.799298	24.499216	4.277594	1.143034	
381.000000	4.792399	22.973362	4.271173	2.072244	
382.000000	4.785371	21.669043	4.264833	2.946624	
383.000000	4.778213	20.549610	4.258574	3.759341	
384.000000	4.770921	19.584215	4.252397	4.507599	
385.000000	4.763495	18.746969	4.246305	5.191308	
386.000000	4.755933	18.016136	4.240301	5.812166	
387.000000	4.748232	17.373484	4.234385	6.373032	
388.000000	4.740393	16.803732	4.228562	6.877492	
389.000000	4.732412	16.294069	4.222834	7.329562	
390.000000	4.724290	15.833777	4.217204	7.733466	
391.000000	4.716024	15.413913	4.211675	8.093485	
392.000000	4.707613	15.027042	4.206251	8.413847	
393.000000	4.699056	14.667009	4.200935	8.698635	
394.000000	4.690353	14.328762	4.195731	8.951737	
395.000000	4.681503	14.008178	4.190644	9.176801	
396.000000	4.672506	13.701917	4.185677	9.377206	
397.000000	4.663361	13.407292	4.180836	9.556052	
398.000000	4.654068	13.122170	4.176124	9.716156	
399.000000	4.644628	12.844867	4.171546	9.860050	
400.000000	4.635041	12.574080	4.167109	9.989996	
401.000000	4.625308	12.308803	4.162815	10.107994	
402.000000	4.615429	12.048264	4.158671	10.215804	
403.000000	4.605408	11.791887	4.154683	10.314960	
404.000000	4.595245	11.539242	4.150854	10.406791	
405.000000	4.584941	11.290008	4.147192	10.492440	
406.000000	4.574500	11.043960	4.143701	10.572889	
407.000000	4.563924	10.800941	4.140388	10.648968	
408.000000	4.553216	10.560839	4.137257	10.721380	
409.000000	4.542381	10.323577	4.134314	10.790716	
410.000000	4.531421	10.089097	4.131565	10.857469	
411.000000	4.520340	9.857357	4.129015	10.922046	
412.000000	4.509144	9.628327	4.126671	10.984785	
413.000000	4.497837	9.401967	4.124536	11.045964	
414.000000	4.486424	9.178261	4.122617	11.105806	
415.000000	4.474912	8.957151	4.120918	11.164495	
416.000000	4.463306	8.738594	4.119445	11.222176	
417.000000	4.451613	8.522530	4.118201	11.278964	
418.000000	4.439839	8.308895	4.117193	11.334952	
419.000000	4.427992	8.097630	4.116423	11.390213	
420.000000	4.416079	7.888666	4.115895	11.444799	
421.000000	4.404108	7.681932	4.115614	11.498754	
422.000000	4.392087	7.477353	4.115583	11.552108	
423.000000	4.380024	7.274848	4.115805	11.604883	
424.000000	4.367930	7.074334	4.116282	11.657095	
425.000000	4.355811	6.875738	4.117016	11.708755	
426.000000	4.343678	6.678972	4.118010	11.759866	
427.000000	4.331539	6.483950	4.119265	11.810432	
428.000000	4.319406	6.290581	4.120781	11.860455	
429.000000	4.307286	6.098774	4.122560	11.909929	
430.000000	4.295192	5.908436	4.124601	11.958854	
431.000000	4.283132	5.719466	4.126904	12.007223	
432.000000	4.271118	5.531775	4.129468	12.055032	
433.000000	4.259159	5.345273	4.132292	12.102275	
434.000000	4.247265	5.159870	4.135373	12.148946	
435.000000	4.235447	4.975477	4.138709	12.195039	
436.000000	4.223715	4.792007	4.142296	12.240547	
437.000000	4.212080	4.609373	4.146132	12.285464	
438.000000	4.200551	4.427491	4.150213	12.329784	
439.000000	4.189140	4.246284	4.154533	12.373503	
440.000000	4.177855	4.065671	4.159087	12.416612	
441.000000	4.166707	3.885569	4.163870	12.459107	
442.000000	4.155705	3.705894	4.168876	12.500984	
443.000000	4.144858	3.526567	4.174098	12.542236	
444.000000	4.134177	3.347503	4.179528	12.582860	
445.000000	4.123668	3.168617	4.185160	12.622851	
446.000000	4.113342	2.989826	4.190984	12.662206	
447.000000	4.103207	2.811055	4.196992	12.700918	
448.000000	4.093269	2.632226	4.203176	12.738987	
449.000000	4.083537	2.453263	4.209526	12.776409	
450.000000	4.074017	2.274090	4.216031	12.813180	
451.000000	4.064715	2.094631	4.222682	12.849298	
452.000000	4.055639	1.914813	4.229468	12.884761	
453.000000	4.046793	1.734565	4.236379	12.919566	
454.000000	4.038183	1.553820	4.243403	12.953712	
455.000000	4.029814	1.372503	4.250528	12.987197	
456.000000	4.021688	1.190543	4.257743	13.020020	
457.000000	4.013811	1.007864	4.265037	13.052179	
458.000000	4.006184	0.824395	4.272397	13.083675	
459.000000	3.998811	0.640062	4.279809	13.114508	
460.000000	3.991692	0.454784	4.287264	13.144674	
461.000000	3.984830	0.268489	4.294747	13.174176	
462.000000	3.978225	0.081101	4.302247	13.203013	
463.000000	3.971877	-0.107448	4.309751	13.231187	
464.000000	3.965786	-0.297233	4.317245	13.258697	
465.000000	3.959950	-0.488327	4.324718	13.285544	
466.000000	3.954369	-0.680802	4.332158	13.311730	
467.000000	3.949039	-0.874734	4.339550	13.337256	
468.000000	3.943958	-1.070195	4.346885	13.362124	
469.000000	3.939123	-1.267255	4.354149	13.386335	
470.000000	3.934529	-1.465984	4.361330	13.409892	
471.000000	3.930173	-1.666459	4.368416	13.432796	
472.000000	3.926050	-1.868758	4.375397	13.455052	
473.000000	3.922154	-2.072955	4.382259	13.476661	
474.000000	3.918480	-2.279130	4.388994	13.497626	
475.000000	3.915019	-2.487362	4.395589	13.517951	
476.000000	3.911767	-2.697738	4.402034	13.537640	
477.000000	3.908715	-2.910341	4.408319	13.556696	
478.000000	3.905856	-3.125252	4.414436	13.575124	
479.000000	3.903181	-3.342555	4.420372	13.592929	
480.000000	3.900683	-3.562335	4.426122	13.610114	
481.000000	3.898352	-3.784677	4.431674	13.626686	
482.000000	3.896179	-4.009669	4.437022	13.642651	
483.000000	3.894156	-4.237399	4.442158	13.658013	
484.000000	3.892270	-4.467957	4.447074	13.672781	
485.000000	3.890513	-4.701436	4.451764	13.686960	
486.000000	3.888874	-4.937922	4.456221	13.700559	
487.000000	3.887343	-5.177510	4.460439	13.713583	
488.000000	3.885908	-5.420295	4.464413	13.726043	
489.000000	3.884560	-5.666378	4.468139	13.737947	
490.000000	3.883287	-5.915860	4.471611	13.749306	
491.000000	3.882078	-6.168847	4.474825	13.760128	
492.000000	3.880921	-6.425443	4.477780	13.770425	
493.000000	3.879806	-6.685761	4.480471	13.780209	
494.000000	3.878720	-6.949919	4.482895	13.789493	
495.000000	3.877652	-7.218029	4.485053	13.798288	
496.000000	3.876590	-7.490209	4.486940	13.806611	
497.000000	3.875525	-7.766577	4.488557	13.814477	
498.000000	3.874443	-8.047258	4.489904	13.821900	
499.000000	3.873333	-8.332376	4.490980	13.828901	
500.000000	3.872185	-8.622064	4.491785	13.835496	
501.000000	3.870988	-8.916449	4.492321	13.841706	
502.000000	3.869730	-9.215672	4.492588	13.847552	
503.000000	3.868400	-9.519868	4.492589	13.853057	
504.000000	3.866988	-9.829180	4.492326	13.858246	
505.000000	3.865482	-10.143751	4.491801	13.863143	
506.000000	3.863873	-10.463736	4.491018	13.867778	
507.000000	3.862150	-10.789286	4.489979	13.872179	
508.000000	3.860303	-11.120565	4.488688	13.876378	
509.000000	3.858324	-11.457735	4.487151	13.880408	
510.000000	3.856201	-11.800969	4.485370	13.884306	
511.000000	3.853926	-12.150436	4.483351	13.888109	
512.000000	3.851490	-12.506340	4.481099	13.891858	
513.000000	3.848885	-12.868840	4.478620	13.895596	
514.000000	3.846102	-13.238138	4.475918	13.899368	
515.000000	3.843132	-13.614429	4.473000	13.903222	
516.000000	3.839967	-13.997912	4.469872	13.907210	
517.000000	3.836601	-14.388797	4.466541	13.911387	
518.000000	3.833025	-14.787295	4.463012	13.915810	
519.000000	3.829234	-15.193626	4.459294	13.920539	
520.000000	3.825221	-15.608017	4.455393	13.925639	
521.000000	3.820978	-16.030701	4.451316	13.931179	
522.000000	3.816501	-16.461916	4.447071	13.937228	
523.000000	3.811784	-16.901911	4.442664	13.943864	
524.000000	3.806821	-17.350933	4.438105	13.951165	
525.000000	3.801608	-17.809250	4.433400	13.959215	
526.000000	3.796139	-18.277126	4.428557	13.968102	
527.000000	3.790410	-18.754848	4.423585	13.977919	
528.000000	3.784418	-19.242702	4.418491	13.988761	
529.000000	3.778159	-19.740988	4.413283	14.000731	
530.000000	3.771629	-20.250015	4.407970	14.013933	
531.000000	3.764825	-20.770102	4.402560	14.028481	
532.000000	3.757745	-21.301580	4.397060	14.044490	
533.000000	3.750387	-21.844799	4.391479	14.062079	
534.000000	3.742747	-22.400112	4.385825	14.081377	
535.000000	3.734825	-22.967886	4.380106	14.102514	
536.000000	3.726619	-23.548504	4.374331	14.125627	
537.000000	3.718127	-24.142363	4.368507	14.150858	
538.000000	3.709349	-24.749876	4.362642	14.178355	
539.000000	3.700284	-25.371471	4.356744	14.208272	
540.000000	3.690931	-26.007601	4.350822	14.240767	
541.000000	3.681291	-26.658733	4.344882	14.276004	
542.000000	3.671363	-27.325356	4.338933	14.314153	
543.000000	3.661147	-28.007986	4.332983	14.355391	
544.000000	3.650645	-28.707163	4.327038	14.399899	
545.000000	3.639858	-29.423450	4.321106	14.447865	
546.000000	3.628786	-30.157446	4.315195	14.499484	
547.000000	3.617431	-30.909786	4.309312	14.554955	
548.000000	3.605793	-31.681141	4.303463	14.614486	
549.000000	3.593875	-32.472225	4.297656	14.678290	
550.000000	3.581679	-33.283806	4.291897	14.746592	
551.000000	3.569206	-34.116688	4.286193	14.819621	
552.000000	3.556459	-34.971748	4.280551	14.897620	
553.000000	3.543440	-35.849926	4.274977	14.980845	
554.000000	3.530152	-36.752235	4.269476	15.069566	
555.000000	3.516597	-37.679775	4.264056	15.164069	
556.000000	3.502778	-38.633732	4.258722	15.264668	
557.000000	3.488699	-39.615398	4.253479	15.371702	
558.000000	3.474362	-40.626186	4.248334	15.485552	
559.000000	3.459771	-41.667633	4.243292	15.606641	
560.000000	3.444928	-42.741425	4.238358	15.735455	
561.000000	3.429838	-43.849407	4.233536	15.872553	
562.000000	3.414504	-44.993610	4.228833	16.018589	
563.000000	3.398929	-46.176247	4.224252	16.174335	
564.000000	3.383118	-47.399750	4.219799	16.340712	
565.000000	3.367073	-48.666779	4.215477	16.518814	
566.000000	3.350799	-49.980232	4.211292	16.709959	
567.000000	3.334300	-51.343262	4.207246	16.915733	
568.000000	3.317580	-52.759274	4.203344	17.138037	
569.000000	3.300643	-54.231945	4.199591	17.379156	
570.000000	3.283493	-55.765209	4.195989	17.641819	
571.000000	3.266134	-57.363243	4.192541	17.929283	
572.000000	3.248569	-59.030441	4.189252	18.245409	
573.000000	3.230805	-60.771378	4.186124	18.594749	
574.000000	3.212844	-62.590759	4.183161	18.982639	
575.000000	3.194691	-64.493340	4.180365	19.415297	
576.000000	3.176350	-66.483841	4.177738	19.899902	
577.000000	3.157825	-68.566833	4.175284	20.444704	
578.000000	3.139120	-70.746620	4.173006	21.059088	
579.000000	3.120241	-73.027039	4.170904	21.753656	
580.000000	3.101190	-75.411308	4.168982	22.540276	
581.000000	3.081973	-77.901833	4.167241	23.432114	
582.000000	3.062594	-80.499931	4.165683	24.443649	
583.000000	3.043056	-83.205643	4.164311	25.590633	
584.000000	3.023364	-86.017426	4.163125	26.890038	
585.000000	3.003522	-88.931923	4.162127	28.359941	
586.000000	2.983535	-91.943665	4.161319	30.019375	
587.000000	2.963406	-95.044800	4.160701	31.888119	
588.000000	2.943140	-98.224869	4.160275	33.986450	
589.000000	2.922740	-101.470551	4.160043	36.334812	
590.000000	2.902211	-104.765472	4.160004	38.953480	
591.000000	2.881557	-108.090073	4.160161	41.862114	
592.000000	2.860780	-111.421455	4.160512	45.079323	
593.000000	2.839887	-114.733429	4.161060	48.622169	
594.000000	2.818879	-117.996475	4.161805	52.505619	
595.000000	2.797762	-121.177925	4.162746	56.742023	
596.000000	2.776538	-124.242165	4.163886	61.340565	
597.000000	2.755213	-127.150909	4.165223	66.306717	
598.000000	2.733788	-129.863617	4.166758	71.641747	
599.000000	2.712269	-132.337982	4.168490	77.342216	
600.000000	2.690658	-134.530518	4.170422	83.399620	
601.000000	2.668960	-136.397186	4.172551	89.800026	
602.000000	2.647177	-137.894135	4.174879	96.523834	
603.000000	2.625312	-138.978485	4.177404	103.545647	
604.000000	2.603370	-139.609192	4.180127	110.834259	
605.000000	2.581354	-139.747757	4.183047	118.352745	
606.000000	2.559266	-139.359207	4.186164	126.058723	
607.000000	2.537110	-138.412827	4.189477	133.904678	
608.000000	2.514890	-136.882965	4.192987	141.838501	
609.000000	2.492608	-134.749725	4.196692	149.804092	
610.000000	2.470267	-131.999603	4.200592	157.742065	
611.000000	2.447870	-128.625977	4.204687	165.590637	
612.000000	2.425421	-124.629547	4.208975	173.286514	
613.000000	2.402921	-120.018517	4.213456	180.765839	
614.000000	2.380375	-114.808777	4.218129	187.965271	
615.000000	2.357784	-109.023804	4.222994	194.822952	
616.000000	2.335151	-102.694534	4.228049	201.279602	
617.000000	2.312480	-95.858948	4.233294	207.279449	
618.000000	2.289772	-88.561615	4.238728	212.771225	
619.000000	2.267030	-80.853065	4.244350	217.708954	
620.000000	2.244256	-72.789017	4.250159	222.052780	
621.000000	2.221454	-64.429604	4.256154	225.769562	
622.000000	2.198625	-55.838322	4.262333	228.833359	
623.000000	2.175771	-47.081192	4.268697	231.225906	
624.000000	2.152895	-38.225620	4.275243	232.936676	
625.000000	2.130000	-29.339355	4.281972	233.963089	
626.000000	2.107086	-20.489582	4.288881	234.310318	
627.000000	2.084157	-11.741819	4.295969	233.991150	
628.000000	2.061215	-3.158980	4.303237	233.025558	
629.000000	2.038261	5.199424	4.310681	231.440247	
630.000000	2.015298	13.278069	4.318302	229.268066	
631.000000	1.992327	21.026539	4.326098	226.547333	
632.000000	1.969351	28.399845	4.334068	223.321030	
633.000000	1.946371	35.358845	4.342211	219.636063	
634.000000	1.923388	41.870564	4.350524	215.542374	
635.000000	1.900405	47.908386	4.359009	211.092102	
636.000000	1.877424	53.452122	4.367662	206.338760	
637.000000	1.854445	58.487942	4.376483	201.336380	
638.000000	1.831472	63.008217	4.385471	196.138733	
639.000000	1.808504	67.011246	4.394625	190.798584	
640.000000	1.785544	70.500954	4.403943	185.367081	
641.000000	1.762594	73.486427	4.413423	179.893082	
642.000000	1.739654	75.981491	4.423065	174.422729	
643.000000	1.716726	78.004128	4.432868	168.998932	
644.000000	1.693812	79.575974	4.442831	163.661041	
645.000000	1.670913	80.721748	4.452950	158.444687	
646.000000	1.648031	81.468666	4.463228	153.381439	
647.000000	1.625165	81.845879	4.473660	148.498886	
648.000000	1.602319	81.883934	4.484248	143.820480	
649.000000	1.579493	81.614273	4.494988	139.365677	
650.000000	1.556688	81.068695	4.505880	135.149963	
651.000000	1.533906	80.278976	4.516923	131.185104	
652.000000	1.511146	79.276421	4.528115	127.479309	
653.000000	1.488412	78.091522	4.539456	124.037437	
654.000000	1.465703	76.753685	4.550944	120.861343	
655.000000	1.443020	75.290924	4.562578	117.950089	
656.000000	1.420366	73.729698	4.574356	115.300285	
657.000000	1.397740	72.094742	4.586278	112.906403	
658.000000	1.375144	70.408951	4.598342	110.761040	
659.000000	1.352579	68.693291	4.610548	108.855232	
660.000000	1.330044	66.966797	4.622894	107.178757	
661.000000	1.307543	65.246536	4.635378	105.720375	
662.000000	1.285075	63.547668	4.648000	104.468086	
663.000000	1.262640	61.883469	4.660759	103.409378	
664.000000	1.240241	60.265419	4.673653	102.531410	
665.000000	1.217878	58.703300	4.686681	101.821236	
666.000000	1.195551	57.205288	4.699843	101.265915	
667.000000	1.173261	55.778061	4.713137	100.852699	
668.000000	1.151010	54.426926	4.726561	100.569138	
669.000000	1.128792	53.155941	4.740115	100.403168	
670.000000	1.106619	51.968037	4.753798	100.343216	
671.000000	1.084485	50.865131	4.767609	100.378220	
672.000000	1.062392	49.848248	4.781547	100.497719	
673.000000	1.040340	48.917641	4.795609	100.691856	
674.000000	1.018330	48.072884	4.809796	100.951401	
675.000000	0.996363	47.312977	4.824107	101.267769	
676.000000	0.974439	46.636448	4.838540	101.632996	
677.000000	0.952559	46.041416	4.853095	102.039742	
678.000000	0.930723	45.525688	4.867769	102.481270	
679.000000	0.908932	45.086819	4.882563	102.951424	
680.000000	0.887186	44.722172	4.897475	103.444603	
681.000000	0.865486	44.428974	4.912505	103.955734	
682.000000	0.843833	44.204361	4.927650	104.480209	
683.000000	0.822227	44.045422	4.942912	105.013908	
684.000000	0.800668	43.949215	4.958287	105.553123	
685.000000	0.779157	43.912830	4.973775	106.094536	
686.000000	0.757694	43.933380	4.989377	106.635208	
687.000000	0.736280	44.008026	5.005089	107.172493	
688.000000	0.714915	44.134010	5.020912	107.704086	
689.000000	0.693599	44.308640	5.036844	108.227913	
690.000000	0.672334	44.529327	5.052886	108.742180	
691.000000	0.651119	44.793560	5.069034	109.245285	
692.000000	0.629954	45.098934	5.085289	109.735840	
693.000000	0.608840	45.443142	5.101651	110.212631	
694.000000	0.587778	45.823975	5.118117	110.674591	
695.000000	0.566768	46.239319	5.134688	111.120804	
696.000000	0.545810	46.687157	5.151361	111.550468	
697.000000	0.524904	47.165569	5.168138	111.962898	
698.000000	0.504051	47.672718	5.185015	112.357513	
699.000000	0.483251	48.206852	5.201993	112.733803	
700.000000	0.462505	48.766315	5.219070	113.091339	
701.000000	0.441812	49.349510	5.236247	113.429771	
702.000000	0.421174	49.954929	5.253521	113.748787	
703.000000	0.400590	50.581127	5.270894	114.048157	
704.000000	0.380060	51.226723	5.288362	114.327660	
705.000000	0.359585	51.890404	5.305925	114.587158	
706.000000	0.339165	52.570904	5.323584	114.826523	
707.000000	0.318801	53.267021	5.341336	115.045670	
708.000000	0.298492	53.977604	5.359182	115.244545	
709.000000	0.278239	54.701542	5.377120	115.423103	
710.000000	0.258042	55.437775	5.395149	115.581360	
711.000000	0.237900	56.185280	5.413270	115.719315	
712.000000	0.217816	56.943081	5.431479	115.837013	
713.000000	0.197788	57.710232	5.449779	115.934517	
714.000000	0.177817	58.485825	5.468167	116.011887	
715.000000	0.157903	59.268982	5.486642	116.069214	
716.000000	0.138046	60.058861	5.505205	116.106606	
717.000000	0.118246	60.854641	5.523854	116.124176	
718.000000	0.098505	61.655540	5.542588	116.122063	
719.000000	0.078821	62.460800	5.561407	116.100395	
720.000000	0.059195	63.269672	5.580310	116.059341	
721.000000	0.039627	64.081459	5.599297	115.999054	
722.000000	0.020117	64.895454	5.618365	115.919716	
723.000000	0.000666	65.711006	5.637516	115.821510	
724.000000	-0.018727	66.527458	5.656748	115.704636	
725.000000	-0.038061	67.344185	5.676061	115.569283	
726.000000	-0.057335	68.160576	5.695453	115.415680	
727.000000	-0.076552	68.976044	5.714924	115.244026	
728.000000	-0.095709	69.790016	5.734473	115.054565	
729.000000	-0.114806	70.601944	5.754101	114.847527	
730.000000	-0.133841	71.411285	5.773805	114.623154	
731.000000	-0.152820	72.217514	5.793586	114.381699	
732.000000	-0.171739	73.020134	5.813442	114.123405	
733.000000	-0.190599	73.818657	5.833373	113.848541	
734.000000	-0.209400	74.612602	5.853379	113.557373	
735.000000	-0.228140	75.401512	5.873458	113.250175	
736.000000	-0.246820	76.184937	5.893611	112.927231	
737.000000	-0.265440	76.962448	5.913836	112.588806	
738.000000	-0.284001	77.733627	5.934133	112.235199	
739.000000	-0.302500	78.498070	5.954501	111.866707	
740.000000	-0.320940	79.255371	5.974939	111.483620	
741.000000	-0.339320	80.005165	5.995448	111.086235	
742.000000	-0.357639	80.747070	6.016026	110.674866	
743.000000	-0.375897	81.480743	6.036672	110.249809	
744.000000	-0.394096	82.205826	6.057387	109.811394	
745.000000	-0.412233	82.922005	6.078169	109.359917	
746.000000	-0.430310	83.628937	6.099018	108.895714	
747.000000	-0.448326	84.326324	6.119933	108.419090	
748.000000	-0.466282	85.013863	6.140913	107.930382	
749.000000	-0.484177	85.691254	6.161960	107.429909	
750.000000	-0.502011	86.358223	6.183070	106.918015	
751.000000	-0.519784	87.014496	6.204245	106.395012	
752.000000	-0.537497	87.659821	6.225482	105.861252	
753.000000	-0.555148	88.293930	6.246783	105.317070	
754.000000	-0.572739	88.916595	6.268146	104.762794	
755.000000	-0.590269	89.527580	6.289570	104.198784	
756.000000	-0.607737	90.126656	6.311056	103.625374	
757.000000	-0.625145	90.713600	6.332602	103.042915	
758.000000	-0.642492	91.288216	6.354208	102.451759	
759.000000	-0.659779	91.850296	6.375873	101.852249	
760.000000	-0.677003	92.399658	6.397597	101.244751	
761.000000	-0.694167	92.936111	6.419380	100.629608	
762.000000	-0.711271	93.459488	6.441221	100.007195	
763.000000	-0.728313	93.969612	6.463119	99.377861	
764.000000	-0.745294	94.466339	6.485073	98.741982	
765.000000	-0.762214	94.949493	6.507084	98.099907	
766.000000	-0.779074	95.418953	6.529150	97.452026	
767.000000	-0.795872	95.874573	6.551272	96.798698	
768.000000	-0.812609	96.316223	6.573449	96.140305	
769.000000	-0.829286	96.743797	6.595679	95.477226	
770.000000	-0.845902	97.157158	6.617964	94.809830	
771.000000	-0.862456	97.556221	6.640301	94.138519	
772.000000	-0.878950	97.940887	6.662691	93.463676	
773.000000	-0.895383	98.311058	6.685133	92.785683	
774.000000	-0.911756	98.666672	6.707627	92.104942	
775.000000	-0.928067	99.007645	6.730172	91.421860	
776.000000	-0.944318	99.333908	6.752768	90.736824	
777.000000	-0.960509	99.645432	6.775414	90.050240	
778.000000	-0.976638	99.942146	6.798110	89.362534	
779.000000	-0.992707	100.224037	6.820855	88.674103	
780.000000	-1.008716	100.491066	6.843648	87.985367	
781.000000	-1.024664	100.743233	6.866491	87.296745	
782.000000	-1.040552	100.980522	6.889380	86.608673	
783.000000	-1.056379	101.202942	6.912318	85.921562	
784.000000	-1.072146	101.410530	6.935302	85.235855	
785.000000	-1.087854	101.603294	6.958333	84.551979	
786.000000	-1.103500	101.781296	6.981410	83.870377	
787.000000	-1.119086	101.944580	7.004532	83.191490	
788.000000	-1.134613	102.093231	7.027699	82.515747	
789.000000	-1.150080	102.227310	7.050912	81.843613	
790.000000	-1.165486	102.346939	7.074168	81.175522	
791.000000	-1.180832	102.452209	7.097469	80.511932	
792.000000	-1.196119	102.543259	7.120812	79.853287	
793.000000	-1.211347	102.620232	7.144199	79.200035	
794.000000	-1.226514	102.683281	7.167628	78.552635	
795.000000	-1.241621	102.732582	7.191100	77.911545	
796.000000	-1.256670	102.768326	7.214612	77.277199	
797.000000	-1.271659	102.790726	7.238167	76.650055	
798.000000	-1.286588	102.800011	7.261762	76.030563	
799.000000	-1.301458	102.796417	7.285398	75.419159	
800.000000	-1.316269	102.780212	7.309073	74.816292	
801.000000	-1.331021	102.751678	7.332789	74.222389	
802.000000	-1.345714	102.711121	7.356544	73.637886	
803.000000	-1.360347	102.658844	7.380337	73.063210	
804.000000	-1.374923	102.595192	7.404169	72.498772	
805.000000	-1.389440	102.520531	7.428039	71.944984	
806.000000	-1.403897	102.435242	7.451947	71.402245	
807.000000	-1.418296	102.339714	7.475892	70.870941	
808.000000	-1.432637	102.234352	7.499874	70.351456	
809.000000	-1.446920	102.119606	7.523893	69.844147	
810.000000	-1.461144	101.995934	7.547947	69.349380	
811.000000	-1.475310	101.863792	7.572038	68.867477	
812.000000	-1.489418	101.723679	7.596164	68.398766	
813.000000	-1.503468	101.576096	7.620325	67.943558	
814.000000	-1.517460	101.421585	7.644521	67.502129	
815.000000	-1.531394	101.260681	7.668751	67.074745	
816.000000	-1.545271	101.093933	7.693015	66.661667	
817.000000	-1.559091	100.921921	7.717313	66.263107	
818.000000	-1.572852	100.745239	7.741644	65.879265	
819.000000	-1.586557	100.564484	7.766008	65.510338	
820.000000	-1.600204	100.380272	7.790405	65.156464	
821.000000	-1.613794	100.193230	7.814834	64.817780	
822.000000	-1.627328	100.003998	7.839294	64.494385	
823.000000	-1.640804	99.813217	7.863787	64.186356	
824.000000	-1.654223	99.621536	7.888310	63.893738	
825.000000	-1.667586	99.429634	7.912865	63.616554	
826.000000	-1.680892	99.238167	7.937450	63.354790	
827.000000	-1.694142	99.047791	7.962066	63.108402	
828.000000	-1.707335	98.859200	7.986711	62.877323	
829.000000	-1.720473	98.673058	8.011386	62.661449	
830.000000	-1.733555	98.490036	8.036091	62.460644	
831.000000	-1.746580	98.310806	8.060823	62.274742	
832.000000	-1.759550	98.136040	8.085586	62.103542	
833.000000	-1.772464	97.966393	8.110376	61.946819	
834.000000	-1.785323	97.802513	8.135195	61.804306	
835.000000	-1.798126	97.645058	8.160041	61.675716	
836.000000	-1.810873	97.494652	8.184915	61.560719	
837.000000	-1.823566	97.351913	8.209815	61.458954	
838.000000	-1.836203	97.217445	8.234743	61.370045	
839.000000	-1.848786	97.091843	8.259698	61.293568	
840.000000	-1.861314	96.975685	8.284678	61.229073	
841.000000	-1.873786	96.869507	8.309685	61.176094	
842.000000	-1.886205	96.773849	8.334718	61.134117	
843.000000	-1.898570	96.689224	8.359776	61.102623	
844.000000	-1.910879	96.616112	8.384858	61.081051	
845.000000	-1.923135	96.554970	8.409966	61.068817	
846.000000	-1.935336	96.506241	8.435099	61.065323	
847.000000	-1.947484	96.470314	8.460256	61.069939	
848.000000	-1.959578	96.447563	8.485436	61.082024	
849.000000	-1.971618	96.438347	8.510641	61.100910	
850.000000	-1.983604	96.442963	8.535870	61.125912	
851.000000	-1.995537	96.461685	8.561122	61.156338	
852.000000	-2.007418	96.494774	8.586396	61.191471	
853.000000	-2.019244	96.542435	8.611693	61.230587	
854.000000	-2.031018	96.604828	8.637013	61.272953	
855.000000	-2.042739	96.682106	8.662355	61.317825	
856.000000	-2.054407	96.774368	8.687720	61.364449	
857.000000	-2.066023	96.881676	8.713106	61.412079	
858.000000	-2.077586	97.004074	8.738514	61.459949	
859.000000	-2.089097	97.141533	8.763943	61.507305	
860.000000	-2.100555	97.294022	8.789392	61.553391	
861.000000	-2.111962	97.461449	8.814863	61.597450	
862.000000	-2.123317	97.643700	8.840355	61.638737	
863.000000	-2.134619	97.840614	8.865867	61.676506	
864.000000	-2.145870	98.052010	8.891398	61.710026	
865.000000	-2.157070	98.277657	8.916950	61.738579	
866.000000	-2.168219	98.517281	8.942521	61.761452	
867.000000	-2.179316	98.770592	8.968112	61.777954	
868.000000	-2.190362	99.037270	8.993722	61.787407	
869.000000	-2.201356	99.316940	9.019351	61.789146	
870.000000	-2.212300	99.609222	9.044998	61.782539	
871.000000	-2.223194	99.913689	9.070665	61.766964	
872.000000	-2.234037	100.229881	9.096350	61.741821	
873.000000	-2.244829	100.557327	9.122052	61.706543	
874.000000	-2.255571	100.895523	9.147773	61.660583	
875.000000	-2.266263	101.243935	9.173512	61.603420	
876.000000	-2.276905	101.602013	9.199267	61.534561	
877.000000	-2.287496	101.969185	9.225041	61.453548	
878.000000	-2.298038	102.344856	9.250832	61.359947	
879.000000	-2.308530	102.728416	9.276639	61.253353	
880.000000	-2.318973	103.119225	9.302463	61.133400	
881.000000	-2.329367	103.516655	9.328303	60.999748	
882.000000	-2.339711	103.920044	9.354160	60.852089	
883.000000	-2.350005	104.328728	9.380033	60.690155	
884.000000	-2.360251	104.742027	9.405923	60.513706	
885.000000	-2.370449	105.159256	9.431828	60.322540	
886.000000	-2.380597	105.579727	9.457748	60.116482	
887.000000	-2.390697	106.002762	9.483684	59.895397	
888.000000	-2.400748	106.427643	9.509635	59.659180	
889.000000	-2.410751	106.853676	9.535601	59.407768	
890.000000	-2.420706	107.280190	9.561582	59.141121	
891.000000	-2.430613	107.706474	9.587578	58.859234	
892.000000	-2.440471	108.131844	9.613587	58.562145	
893.000000	-2.450282	108.555618	9.639612	58.249908	
894.000000	-2.460045	108.977135	9.665651	57.922623	
895.000000	-2.469761	109.395729	9.691704	57.580410	
896.000000	-2.479430	109.810745	9.717771	57.223427	
897.000000	-2.489051	110.221542	9.743851	56.851856	
898.000000	-2.498624	110.627495	9.769944	56.465908	
899.000000	-2.508151	111.027992	9.796051	56.065826	
900.000000	-2.517631	111.422455	9.822171	55.651875	
901.000000	-2.527065	111.810280	9.848305	55.224342	
902.000000	-2.536451	112.190933	9.874451	54.783546	
903.000000	-2.545791	112.563858	9.900610	54.329823	
904.000000	-2.555084	112.928543	9.926782	53.863529	
905.000000	-2.564331	113.284492	9.952966	53.385052	
906.000000	-2.573533	113.631226	9.979161	52.894779	
907.000000	-2.582688	113.968292	10.005370	52.393139	
908.000000	-2.591797	114.295265	10.031590	51.880554	
909.000000	-2.600860	114.611725	10.057822	51.357475	
910.000000	-2.609877	114.917305	10.084066	50.824371	
911.000000	-2.618850	115.211639	10.110321	50.281708	
912.000000	-2.627776	115.494392	10.136588	49.729969	
913.000000	-2.636657	115.765259	10.162866	49.169659	
914.000000	-2.645494	116.023956	10.189155	48.601273	
915.000000	-2.654284	116.270241	10.215455	48.025326	
916.000000	-2.663031	116.503853	10.241766	47.442329	
917.000000	-2.671732	116.724602	10.268087	46.852810	
918.000000	-2.680389	116.932312	10.294419	46.257282	
919.000000	-2.689001	117.126808	10.320763	45.656281	
920.000000	-2.697568	117.307968	10.347116	45.050331	
921.000000	-2.706091	117.475677	10.373478	44.439953	
922.000000	-2.714570	117.629852	10.399852	43.825676	
923.000000	-2.723005	117.770439	10.426234	43.208023	
924.000000	-2.731396	117.897392	10.452627	42.587509	
925.000000	-2.739743	118.010689	10.479030	41.964645	
926.000000	-2.748046	118.110344	10.505442	41.339947	
927.000000	-2.756306	118.196388	10.531863	40.713909	
928.000000	-2.764522	118.268852	10.558294	40.087029	
929.000000	-2.772694	118.327820	10.584735	39.459789	
930.000000	-2.780823	118.373375	10.611184	38.832672	
931.000000	-2.788909	118.405609	10.637642	38.206135	
932.000000	-2.796952	118.424660	10.664109	37.580639	
933.000000	-2.804953	118.430664	10.690585	36.956627	
934.000000	-2.812910	118.423767	10.717069	36.334538	
935.000000	-2.820824	118.404160	10.743562	35.714787	
936.000000	-2.828696	118.372009	10.770063	35.097782	
937.000000	-2.836525	118.327522	10.796573	34.483921	
938.000000	-2.844312	118.270912	10.823091	33.873585	
939.000000	-2.852056	118.202408	10.849616	33.267139	
940.000000	-2.859758	118.122238	10.876150	32.664936	
941.000000	-2.867418	118.030655	10.902692	32.067322	
942.000000	-2.875036	117.927910	10.929241	31.474613	
943.000000	-2.882612	117.814262	10.955798	30.887123	
944.000000	-2.890146	117.690002	10.982363	30.305145	
945.000000	-2.897639	117.555397	11.008935	29.728958	
946.000000	-2.905090	117.410736	11.035514	29.158829	
947.000000	-2.912499	117.256310	11.062100	28.595007	
948.000000	-2.919867	117.092422	11.088695	28.037724	
949.000000	-2.927194	116.919365	11.115295	27.487202	
950.000000	-2.934479	116.737457	11.141903	26.943645	
951.000000	-2.941723	116.546997	11.168517	26.407244	
952.000000	-2.948926	116.348289	11.195139	25.878174	
953.000000	-2.956089	116.141655	11.221766	25.356596	
954.000000	-2.963210	115.927414	11.248402	24.842659	
955.000000	-2.970291	115.705856	11.275043	24.336496	
956.000000	-2.977332	115.477310	11.301690	23.838226	
957.000000	-2.984331	115.242088	11.328343	23.347956	
958.000000	-2.991290	115.000488	11.355003	22.865778	
959.000000	-2.998209	114.752831	11.381669	22.391775	
960.000000	-3.005088	114.499413	11.408341	21.926016	
961.000000	-3.011927	114.240547	11.435019	21.468555	
962.000000	-3.018725	113.976517	11.461703	21.019440	
963.000000	-3.025484	113.707642	11.488393	20.578701	
964.000000	-3.032202	113.434189	11.515088	20.146364	
965.000000	-3.038881	113.156464	11.541789	19.722441	
966.000000	-3.045521	112.874741	11.568495	19.306932	
967.000000	-3.052120	112.589294	11.595207	18.899832	
968.000000	-3.058681	112.300407	11.621923	18.501123	
969.000000	-3.065201	112.008339	11.648646	18.110779	
970.000000	-3.071682	111.713364	11.675374	17.728767	
971.000000	-3.078125	111.415710	11.702106	17.355043	
972.000000	-3.084527	111.115654	11.728844	16.989559	
973.000000	-3.090892	110.813431	11.755587	16.632257	
974.000000	-3.097216	110.509262	11.782333	16.283075	
975.000000	-3.103502	110.203400	11.809086	15.941939	
976.000000	-3.109749	109.896057	11.835842	15.608774	
977.000000	-3.115958	109.587448	11.862604	15.283499	
978.000000	-3.122128	109.277779	11.889370	14.966024	
979.000000	-3.128259	108.967270	11.916141	14.656259	
980.000000	-3.134351	108.656097	11.942915	14.354105	
981.000000	-3.140406	108.344460	11.969694	14.059462	
982.000000	-3.146421	108.032547	11.996477	13.772223	
983.000000	-3.152399	107.720520	12.023265	13.492283	
984.000000	-3.158338	107.408554	12.050056	13.219525	
985.000000	-3.164240	107.096817	12.076852	12.953838	
986.000000	-3.170103	106.785454	12.103651	12.695104	
987.000000	-3.175928	106.474617	12.130454	12.443202	
988.000000	-3.181716	106.164452	12.157261	12.198011	
989.000000	-3.187465	105.855095	12.184072	11.959409	
990.000000	-3.193177	105.546669	12.210886	11.727269	
991.000000	-3.198852	105.239296	12.237704	11.501466	
992.000000	-3.204489	104.933098	12.264525	11.281873	
993.000000	-3.210088	104.628189	12.291350	11.068362	
994.000000	-3.215649	104.324661	12.318178	10.860806	
995.000000	-3.221174	104.022621	12.345010	10.659076	
996.000000	-3.226661	103.722168	12.371844	10.463043	
997.000000	-3.232111	103.423378	12.398683	10.272579	
998.000000	-3.237524	103.126335	12.425523	10.087556	
999.000000	-3.242900	102.831123	12.452367	9.907846	
1000.000000	-3.248238	102.537811	12.479214	9.733324	
1006.000000	-3.279499	100.821220	12.640353	8.788116	
1012.000000	-3.309444	99.185974	12.801580	7.998878	
1018.000000	-3.338089	97.638069	12.962883	7.341309	
1024.000000	-3.365447	96.179550	13.124247	6.793623	
1030.000000	-3.391530	94.809555	13.285658	6.336760	
1036.000000	-3.416351	93.525124	13.447103	5.954378	
1042.000000	-3.439922	92.321968	13.608569	5.632712	
1048.000000	-3.462255	91.195000	13.770044	5.360340	
1054.000000	-3.483359	90.138756	13.931514	5.127899	
1060.000000	-3.503246	89.147758	14.092966	4.927793	
1066.000000	-3.521926	88.216652	14.254388	4.753914	
1072.000000	-3.539408	87.340393	14.415766	4.601380	
1078.000000	-3.555702	86.514275	14.577088	4.466307	
1084.000000	-3.570818	85.734001	14.738341	4.345610	
1090.000000	-3.584765	84.995674	14.899513	4.236843	
1096.000000	-3.597551	84.295792	15.060591	4.138061	
1102.000000	-3.609186	83.631180	15.221560	4.047712	
1108.000000	-3.619678	82.999046	15.382408	3.964553	
1114.000000	-3.629036	82.396866	15.543123	3.887577	
1120.000000	-3.637269	81.822380	15.703691	3.815967	
1126.000000	-3.644385	81.273598	15.864100	3.749048	
1132.000000	-3.650393	80.748688	16.024336	3.686264	
1138.000000	-3.655301	80.246033	16.184383	3.627144	
1144.000000	-3.659119	79.764168	16.344233	3.571294	
1150.000000	-3.661855	79.301750	16.503868	3.518373	
1156.000000	-3.663518	78.857590	16.663277	3.468091	
1162.000000	-3.664117	78.430580	16.822445	3.420195	
1168.000000	-3.663661	78.019714	16.981359	3.374464	
1174.000000	-3.662160	77.624069	17.140009	3.330704	
1180.000000	-3.659623	77.242790	17.298376	3.288745	
1186.000000	-3.656060	76.875099	17.456451	3.248434	
1192.000000	-3.651481	76.520264	17.614220	3.209639	
1198.000000	-3.645896	76.177612	17.771667	3.172238	
1204.000000	-3.639315	75.846512	17.928783	3.136125	
1210.000000	-3.631750	75.526398	18.085552	3.101204	
1216.000000	-3.623210	75.216721	18.241962	3.067390	
1222.000000	-3.613707	74.916985	18.398003	3.034606	
1228.000000	-3.603252	74.626717	18.553656	3.002781	
1234.000000	-3.591857	74.345490	18.708914	2.971853	
1240.000000	-3.579532	74.072876	18.863762	2.941766	
1246.000000	-3.566292	73.808510	19.018188	2.912469	
1252.000000	-3.552146	73.552017	19.172184	2.883914	
1258.000000	-3.537108	73.303062	19.325733	2.856062	
1264.000000	-3.521191	73.061340	19.478827	2.828872	
1270.000000	-3.504407	72.826546	19.631453	2.802310	
1276.000000	-3.486771	72.598396	19.783600	2.776345	
1282.000000	-3.468293	72.376625	19.935259	2.750947	
1288.000000	-3.448991	72.160973	20.086418	2.726090	
1294.000000	-3.428876	71.951210	20.237068	2.701749	
1300.000000	-3.407962	71.747108	20.387199	2.677902	
1306.000000	-3.386263	71.548454	20.536800	2.654528	
1312.000000	-3.363792	71.355042	20.685865	2.631608	
1318.000000	-3.340568	71.166672	20.834383	2.609125	
1324.000000	-3.316602	70.983162	20.982346	2.587062	
1330.000000	-3.291910	70.804344	21.129745	2.565403	
1336.000000	-3.266506	70.630058	21.276575	2.544134	
1342.000000	-3.240406	70.460136	21.422827	2.523243	
1348.000000	-3.213624	70.294434	21.568493	2.502717	
1354.000000	-3.186177	70.132813	21.713566	2.482543	
1360.000000	-3.158079	69.975143	21.858042	2.462712	
1366.000000	-3.129346	69.821281	22.001913	2.443212	
1372.000000	-3.099991	69.671112	22.145176	2.424034	
1378.000000	-3.070034	69.524521	22.287825	2.405169	
1384.000000	-3.039487	69.381393	22.429853	2.386609	
1390.000000	-3.008367	69.241631	22.571260	2.368344	
1396.000000	-2.976687	69.105125	22.712038	2.350367	
1402.000000	-2.944468	68.971779	22.852184	2.332670	
1408.000000	-2.911720	68.841499	22.991699	2.315247	
1414.000000	-2.878461	68.714195	23.130575	2.298090	
1420.000000	-2.844706	68.589790	23.268812	2.281193	
1426.000000	-2.810472	68.468185	23.406408	2.264550	
1432.000000	-2.775770	68.349312	23.543364	2.248155	
1438.000000	-2.740621	68.233093	23.679672	2.232002	
1444.000000	-2.705035	68.119446	23.815338	2.216085	
1450.000000	-2.669031	68.008308	23.950359	2.200399	
1456.000000	-2.632620	67.899605	24.084734	2.184939	
1462.000000	-2.595821	67.793266	24.218464	2.169700	
1468.000000	-2.558646	67.689240	24.351549	2.154677	
1474.000000	-2.521109	67.587463	24.483992	2.139866	
1480.000000	-2.483228	67.487869	24.615791	2.125262	
1486.000000	-2.445012	67.390404	24.746952	2.110861	
1492.000000	-2.406480	67.295021	24.877474	2.096658	
1498.000000	-2.367643	67.201660	25.007359	2.082649	
1504.000000	-2.328515	67.110275	25.136610	2.068832	
1510.000000	-2.289111	67.020821	25.265232	2.055200	
1516.000000	-2.249442	66.933243	25.393225	2.041752	
1522.000000	-2.209522	66.847504	25.520596	2.028483	
1528.000000	-2.169364	66.763550	25.647345	2.015390	
1534.000000	-2.128981	66.681343	25.773479	2.002470	
1540.000000	-2.088385	66.600845	25.899002	1.989718	
1546.000000	-2.047587	66.522018	26.023916	1.977132	
1552.000000	-2.006601	66.444824	26.148230	1.964710	
1558.000000	-1.965437	66.369225	26.271946	1.952446	
1564.000000	-1.924107	66.295189	26.395069	1.940339	
1570.000000	-1.882623	66.222679	26.517607	1.928386	
1576.000000	-1.840994	66.151657	26.639563	1.916584	
1582.000000	-1.799232	66.082100	26.760944	1.904930	
1588.000000	-1.757347	66.013969	26.881758	1.893421	
1594.000000	-1.715348	65.947235	27.002008	1.882055	
1600.000000	-1.673248	65.881874	27.121702	1.870830	
1606.000000	-1.631050	65.817841	27.240847	1.859742	
1612.000000	-1.588772	65.755127	27.359449	1.848789	
1618.000000	-1.546416	65.693695	27.477516	1.837968	
1624.000000	-1.503993	65.633522	27.595053	1.827279	
1630.000000	-1.461513	65.574570	27.712069	1.816717	
1636.000000	-1.418981	65.516830	27.828571	1.806282	
1642.000000	-1.376407	65.460258	27.944565	1.795970	
1648.000000	-1.333799	65.404854	28.060061	1.785780	
1654.000000	-1.291161	65.350578	28.175064	1.775709	
1660.000000	-1.248503	65.297409	28.289583	1.765756	
1666.000000	-1.205833	65.245338	28.403625	1.755918	
1672.000000	-1.163151	65.194328	28.517199	1.746194	
1678.000000	-1.120471	65.144371	28.630310	1.736581	
1684.000000	-1.077794	65.095436	28.742970	1.727078	
1690.000000	-1.035127	65.047516	28.855183	1.717683	
1696.000000	-0.992475	65.000587	28.966959	1.708394	
1702.000000	-0.949845	64.954628	29.078304	1.699210	
1708.000000	-0.907237	64.909622	29.189230	1.690128	
1714.000000	-0.864661	64.865555	29.299742	1.681147	
1720.000000	-0.822119	64.822403	29.409847	1.672265	
1726.000000	-0.779614	64.780159	29.519554	1.663481	
1732.000000	-0.737150	64.738808	29.628872	1.654793	
1738.000000	-0.694733	64.698318	29.737808	1.646200	
1744.000000	-0.652364	64.658691	29.846371	1.637700	
1750.000000	-0.610045	64.619904	29.954567	1.629292	
1756.000000	-0.567782	64.581955	30.062405	1.620973	
1762.000000	-0.525575	64.544815	30.169891	1.612743	
1768.000000	-0.483427	64.508476	30.277035	1.604601	
1774.000000	-0.441340	64.472923	30.383842	1.596545	
1780.000000	-0.399318	64.438156	30.490324	1.588573	
1786.000000	-0.357357	64.404144	30.596485	1.580685	
1792.000000	-0.315465	64.370880	30.702333	1.572878	
1798.000000	-0.273641	64.338356	30.807877	1.565153	
1804.000000	-0.231883	64.306557	30.913120	1.557507	
1810.000000	-0.190195	64.275467	31.018076	1.549939	
1816.000000	-0.148578	64.245087	31.122746	1.542448	
1822.000000	-0.107031	64.215393	31.227139	1.535034	
1828.000000	-0.065553	64.186386	31.331263	1.527694	
1834.000000	-0.024148	64.158043	31.435123	1.520428	
1840.000000	0.017187	64.130356	31.538727	1.513234	
1846.000000	0.058453	64.103325	31.642082	1.506112	
1852.000000	0.099648	64.076927	31.745193	1.499061	
1858.000000	0.140774	64.051155	31.848070	1.492079	
1864.000000	0.181830	64.026009	31.950714	1.485166	
1870.000000	0.222821	64.001465	32.053135	1.478320	
1876.000000	0.263744	63.977524	32.155334	1.471540	
1882.000000	0.304600	63.954170	32.257324	1.464826	
1888.000000	0.345394	63.931400	32.359108	1.458176	
1894.000000	0.386125	63.909206	32.460690	1.451590	
1900.000000	0.426794	63.887577	32.562077	1.445067	
1906.000000	0.467404	63.866505	32.663273	1.438606	
1912.000000	0.507956	63.845982	32.764286	1.432205	
1918.000000	0.548453	63.826000	32.865120	1.425865	
1924.000000	0.588895	63.806553	32.965778	1.419584	
1930.000000	0.629286	63.787632	33.066265	1.413361	
1936.000000	0.669628	63.769234	33.166588	1.407196	
1942.000000	0.709923	63.751343	33.266754	1.401088	
1948.000000	0.750172	63.733963	33.366760	1.395036	
1954.000000	0.790380	63.717075	33.466618	1.389039	
1960.000000	0.830548	63.700684	33.566326	1.383097	
1966.000000	0.870679	63.684776	33.665894	1.377208	
1972.000000	0.910776	63.669346	33.765320	1.371373	
1978.000000	0.950840	63.654392	33.864613	1.365589	
1984.000000	0.990876	63.639900	33.963772	1.359858	
1990.000000	1.030887	63.625870	34.062805	1.354177	
1996.000000	1.070874	63.612293	34.161713	1.348547	
2002.000000	1.110841	63.599167	34.260498	1.342966	
2008.000000	1.150791	63.586479	34.359165	1.337434	
2014.000000	1.190728	63.574234	34.457718	1.331950	
2020.000000	1.230655	63.562420	34.556160	1.326514	
2026.000000	1.270572	63.551037	34.654491	1.321125	
2032.000000	1.310485	63.540073	34.752716	1.315783	
2038.000000	1.350399	63.529526	34.850834	1.310486	
2044.000000	1.390313	63.519390	34.948853	1.305234	
2050.000000	1.430233	63.509663	35.046768	1.300027	
2056.000000	1.470161	63.500336	35.144588	1.294864	
2062.000000	1.510102	63.491405	35.242313	1.289745	
2068.000000	1.550058	63.482868	35.339947	1.284669	
2074.000000	1.590031	63.474720	35.437485	1.279635	
2080.000000	1.630027	63.466953	35.534931	1.274642	
2086.000000	1.670047	63.459568	35.632290	1.269691	
2092.000000	1.710097	63.452553	35.729561	1.264781	
2098.000000	1.750177	63.445911	35.826748	1.259912	
2104.000000	1.790293	63.439629	35.923847	1.255082	
2110.000000	1.830446	63.433716	36.020866	1.250291	
2116.000000	1.870641	63.428154	36.117798	1.245539	
2122.000000	1.910883	63.422951	36.214649	1.240826	
2128.000000	1.951170	63.418095	36.311420	1.236151	
2134.000000	1.991510	63.413586	36.408108	1.231512	
2140.000000	2.031903	63.409416	36.504719	1.226911	
2146.000000	2.072356	63.405582	36.601246	1.222347	
2152.000000	2.112868	63.402084	36.697697	1.217818	
2158.000000	2.153445	63.398914	36.794067	1.213325	
2164.000000	2.194088	63.396069	36.890358	1.208867	
2170.000000	2.234801	63.393551	36.986568	1.204445	
2176.000000	2.275589	63.391346	37.082703	1.200056	
2182.000000	2.316452	63.389462	37.178757	1.195702	
2188.000000	2.357395	63.387890	37.274731	1.191381	
2194.000000	2.398419	63.386623	37.370625	1.187093	
2200.000000	2.439529	63.385666	37.466438	1.182838	
2206.000000	2.480726	63.385014	37.562172	1.178616	
2212.000000	2.522016	63.384659	37.657825	1.174425	
2218.000000	2.563397	63.384602	37.753395	1.170266	
2224.000000	2.604876	63.384838	37.848885	1.166139	
2230.000000	2.646453	63.385365	37.944290	1.162042	
2236.000000	2.688133	63.386177	38.039612	1.157976	
2242.000000	2.729916	63.387280	38.134846	1.153941	
2248.000000	2.771808	63.388660	38.229996	1.149935	
2254.000000	2.813807	63.390324	38.325058	1.145959	
2260.000000	2.855919	63.392265	38.420033	1.142012	
2266.000000	2.898144	63.394478	38.514919	1.138094	
2272.000000	2.940489	63.396965	38.609715	1.134204	
2278.000000	2.982950	63.399719	38.704414	1.130343	
2284.000000	3.025533	63.402740	38.799026	1.126510	
2290.000000	3.068238	63.406025	38.893539	1.122704	
2296.000000	3.111072	63.409573	38.987957	1.118926	
2302.000000	3.154031	63.413380	39.082279	1.115175	
2308.000000	3.197122	63.417446	39.176498	1.111450	
2314.000000	3.240343	63.421764	39.270622	1.107752	
2320.000000	3.283699	63.426334	39.364639	1.104080	
2326.000000	3.327189	63.431156	39.458553	1.100434	
2332.000000	3.370816	63.436226	39.552361	1.096814	
2338.000000	3.414586	63.441540	39.646061	1.093218	
2344.000000	3.458494	63.447098	39.739651	1.089648	
2350.000000	3.502546	63.452900	39.833130	1.086103	
2356.000000	3.546739	63.458939	39.926495	1.082582	
2362.000000	3.591082	63.465214	40.019745	1.079086	
2368.000000	3.635569	63.471729	40.112877	1.075613	
2374.000000	3.680208	63.478474	40.205891	1.072165	
2380.000000	3.724994	63.485455	40.298782	1.068739	
2386.000000	3.769934	63.492664	40.391548	1.065337	
2392.000000	3.815026	63.500099	40.484192	1.061958	
2398.000000	3.860270	63.507763	40.576706	1.058602	
2404.000000	3.905672	63.515652	40.669094	1.055269	
2410.000000	3.951228	63.523766	40.761345	1.051957	
2416.000000	3.996944	63.532097	40.853466	1.048668	
2422.000000	4.042815	63.540646	40.945450	1.045401	
2428.000000	4.088847	63.549416	41.037292	1.042155	
2434.000000	4.135039	63.558399	41.128998	1.038931	
2440.000000	4.181392	63.567596	41.220558	1.035728	
2446.000000	4.227908	63.577007	41.311974	1.032545	
2452.000000	4.274583	63.586628	41.403244	1.029384	
2458.000000	4.321424	63.596455	41.494362	1.026243	
2464.000000	4.368428	63.606491	41.585327	1.023123	
2470.000000	4.415596	63.616734	41.676140	1.020022	
2476.000000	4.462929	63.627182	41.766792	1.016942	
2482.000000	4.510426	63.637829	41.857288	1.013881	
2488.000000	4.558092	63.648682	41.947624	1.010840	
2494.000000	4.605921	63.659729	42.037792	1.007819	
2500.000000	4.653918	63.670979	42.127800	1.004816	