All Layer Optical Constants
Wavelength (nm)	e1, Ordinary, Biaxial	e1, Extra-ordinary, Biaxial	e2, Ordinary, Biaxial	e2, Extra-ordinary, Biaxial
210.000000	0.069682	1.436929	3.967978	1.104362	
211.000000	0.070974	1.420263	3.950231	1.084027	
212.000000	0.063501	1.402594	3.939458	1.067405	
213.000000	0.049038	1.384211	3.936517	1.054339	
214.000000	0.029344	1.365386	3.941920	1.044666	
215.000000	0.006102	1.346371	3.955865	1.038218	
216.000000	-0.019122	1.327401	3.978285	1.034820	
217.000000	-0.044910	1.308694	4.008888	1.034291	
218.000000	-0.070013	1.290447	4.047208	1.036446	
219.000000	-0.093358	1.272841	4.092648	1.041093	
220.000000	-0.114050	1.256039	4.144516	1.048039	
221.000000	-0.131364	1.240184	4.202068	1.057086	
222.000000	-0.144739	1.225402	4.264533	1.068032	
223.000000	-0.153759	1.211799	4.331137	1.080676	
224.000000	-0.158139	1.199466	4.401128	1.094815	
225.000000	-0.157708	1.188473	4.473786	1.110248	
226.000000	-0.152392	1.178873	4.548437	1.126774	
227.000000	-0.142198	1.170702	4.624457	1.144197	
228.000000	-0.127196	1.163979	4.701278	1.162322	
229.000000	-0.107511	1.158706	4.778387	1.180961	
230.000000	-0.083305	1.154871	4.855328	1.199932	
231.000000	-0.054772	1.152445	4.931698	1.219060	
232.000000	-0.022123	1.151386	5.007144	1.238179	
233.000000	0.014415	1.151638	5.081361	1.257130	
234.000000	0.054608	1.153134	5.154085	1.275765	
235.000000	0.098220	1.155794	5.225092	1.293946	
236.000000	0.145016	1.159529	5.294194	1.311549	
237.000000	0.194764	1.164242	5.361230	1.328458	
238.000000	0.247236	1.169826	5.426070	1.344571	
239.000000	0.302213	1.176169	5.488605	1.359799	
240.000000	0.359484	1.183154	5.548750	1.374065	
241.000000	0.418845	1.190658	5.606436	1.387306	
242.000000	0.480100	1.198555	5.661609	1.399470	
243.000000	0.543065	1.206721	5.714232	1.410520	
244.000000	0.607559	1.215025	5.764279	1.420431	
245.000000	0.673414	1.223343	5.811733	1.429190	
246.000000	0.740468	1.231547	5.856587	1.436796	
247.000000	0.808566	1.239514	5.898845	1.443261	
248.000000	0.877564	1.247125	5.938513	1.448606	
249.000000	0.947321	1.254263	5.975609	1.452866	
250.000000	1.017705	1.260819	6.010152	1.456082	
251.000000	1.088590	1.266687	6.042169	1.458306	
252.000000	1.159855	1.271768	6.071690	1.459601	
253.000000	1.231387	1.275972	6.098749	1.460033	
254.000000	1.303079	1.279213	6.123384	1.459678	
255.000000	1.374827	1.281417	6.145636	1.458619	
256.000000	1.446535	1.282514	6.165550	1.456942	
257.000000	1.518110	1.282447	6.183170	1.454738	
258.000000	1.589465	1.281163	6.198547	1.452104	
259.000000	1.660518	1.278622	6.211730	1.449137	
260.000000	1.731192	1.274790	6.222772	1.445937	
261.000000	1.801413	1.269642	6.231727	1.442606	
262.000000	1.871112	1.263164	6.238648	1.439245	
263.000000	1.940224	1.255348	6.243594	1.435957	
264.000000	2.008691	1.246196	6.246620	1.432842	
265.000000	2.076453	1.235716	6.247785	1.429999	
266.000000	2.143459	1.223927	6.247146	1.427523	
267.000000	2.209661	1.210853	6.244762	1.425510	
268.000000	2.275011	1.196525	6.240693	1.424048	
269.000000	2.339469	1.180982	6.234997	1.423224	
270.000000	2.402996	1.164267	6.227733	1.423119	
271.000000	2.465556	1.146431	6.218960	1.423810	
272.000000	2.527117	1.127527	6.208737	1.425367	
273.000000	2.587650	1.107616	6.197122	1.427857	
274.000000	2.647128	1.086760	6.184174	1.431337	
275.000000	2.705528	1.065026	6.169948	1.435862	
276.000000	2.762830	1.042483	6.154502	1.441478	
277.000000	2.819014	1.019202	6.137893	1.448225	
278.000000	2.874065	0.995257	6.120174	1.456138	
279.000000	2.927969	0.970720	6.101401	1.465242	
280.000000	2.980715	0.945667	6.081628	1.475557	
281.000000	3.032294	0.920172	6.060905	1.487098	
282.000000	3.082699	0.894307	6.039287	1.499870	
283.000000	3.131924	0.868144	6.016821	1.513874	
284.000000	3.179966	0.841754	5.993559	1.529104	
285.000000	3.226824	0.815204	5.969549	1.545547	
286.000000	3.272498	0.788558	5.944837	1.563184	
287.000000	3.316990	0.761878	5.919469	1.581992	
288.000000	3.360302	0.735221	5.893492	1.601940	
289.000000	3.402439	0.708639	5.866947	1.622993	
290.000000	3.443407	0.682180	5.839878	1.645111	
291.000000	3.483214	0.655886	5.812325	1.668249	
292.000000	3.521866	0.629793	5.784330	1.692358	
293.000000	3.559375	0.603932	5.755929	1.717385	
294.000000	3.595749	0.578325	5.727162	1.743273	
295.000000	3.631000	0.552989	5.698064	1.769962	
296.000000	3.665140	0.527933	5.668671	1.797388	
297.000000	3.698183	0.503156	5.639015	1.825487	
298.000000	3.730141	0.478650	5.609130	1.854190	
299.000000	3.761029	0.454398	5.579048	1.883428	
300.000000	3.790861	0.430374	5.548798	1.913130	
301.000000	3.819654	0.406540	5.518409	1.943224	
302.000000	3.847423	0.382848	5.487910	1.973637	
303.000000	3.874184	0.359239	5.457327	2.004295	
304.000000	3.899955	0.335640	5.426686	2.035127	
305.000000	3.924751	0.311967	5.396011	2.066059	
306.000000	3.948591	0.288119	5.365326	2.097020	
307.000000	3.971493	0.263980	5.334654	2.127939	
308.000000	3.993474	0.239416	5.304015	2.158748	
309.000000	4.014551	0.214270	5.273431	2.189381	
310.000000	4.034744	0.188366	5.242919	2.219775	
311.000000	4.054071	0.161499	5.212501	2.249874	
312.000000	4.072550	0.133433	5.182191	2.279626	
313.000000	4.090199	0.103899	5.152007	2.308993	
314.000000	4.107037	0.072584	5.121965	2.337946	
315.000000	4.123082	0.039128	5.092079	2.366482	
316.000000	4.138353	0.003116	5.062364	2.394621	
317.000000	4.152868	-0.035928	5.032832	2.422427	
318.000000	4.166645	-0.078550	5.003496	2.450017	
319.000000	4.179702	-0.125371	4.974367	2.477583	
320.000000	4.192057	-0.177090	4.945457	2.505415	
321.000000	4.203729	-0.234479	4.916774	2.533933	
322.000000	4.214734	-0.298380	4.888330	2.563716	
323.000000	4.225091	-0.369687	4.860132	2.595546	
324.000000	4.234816	-0.449315	4.832188	2.630447	
325.000000	4.243927	-0.538159	4.804507	2.669724	
326.000000	4.252441	-0.637042	4.777094	2.715001	
327.000000	4.260374	-0.746635	4.749957	2.768250	
328.000000	4.267743	-0.867373	4.723100	2.831805	
329.000000	4.274563	-0.999346	4.696529	2.908357	
330.000000	4.280852	-1.142193	4.670249	3.000923	
331.000000	4.286624	-1.294977	4.644264	3.112785	
332.000000	4.291896	-1.456075	4.618577	3.247391	
333.000000	4.296681	-1.623079	4.593193	3.408226	
334.000000	4.300996	-1.792719	4.568112	3.598639	
335.000000	4.304854	-1.960826	4.543339	3.821647	
336.000000	4.308270	-2.122342	4.518874	4.079710	
337.000000	4.311258	-2.271382	4.494720	4.374502	
338.000000	4.313832	-2.401364	4.470878	4.706676	
339.000000	4.316005	-2.505193	4.447349	5.075663	
340.000000	4.317791	-2.575515	4.424133	5.479492	
341.000000	4.319201	-2.605010	4.401230	5.914687	
342.000000	4.320249	-2.586734	4.378641	6.376213	
343.000000	4.320947	-2.514465	4.356365	6.857518	
344.000000	4.321307	-2.383061	4.334402	7.350658	
345.000000	4.321340	-2.188780	4.312751	7.846504	
346.000000	4.321059	-1.929556	4.291410	8.335036	
347.000000	4.320474	-1.605207	4.270379	8.805698	
348.000000	4.319595	-1.217553	4.249656	9.247804	
349.000000	4.318435	-0.770441	4.229239	9.650963	
350.000000	4.317002	-0.269666	4.209127	10.005513	
351.000000	4.315307	0.277204	4.189317	10.302924	
352.000000	4.313360	0.861097	4.169807	10.536144	
353.000000	4.311169	1.471772	4.150595	10.699890	
354.000000	4.308745	2.098215	4.131678	10.790838	
355.000000	4.306096	2.729059	4.113054	10.807725	
356.000000	4.303230	3.353014	4.094719	10.751352	
357.000000	4.300157	3.959275	4.076672	10.624496	
358.000000	4.296884	4.537899	4.058908	10.431722	
359.000000	4.293419	5.080109	4.041426	10.179145	
360.000000	4.289771	5.578539	4.024221	9.874124	
361.000000	4.285945	6.027406	4.007290	9.524927	
362.000000	4.281950	6.422582	3.990631	9.140382	
363.000000	4.277793	6.761612	3.974239	8.729534	
364.000000	4.273480	7.043642	3.958112	8.301325	
365.000000	4.269018	7.269299	3.942245	7.864305	
366.000000	4.264412	7.440518	3.926635	7.426400	
367.000000	4.259671	7.560340	3.911279	6.994717	
368.000000	4.254797	7.632683	3.896173	6.575419	
369.000000	4.249799	7.662113	3.881313	6.173645	
370.000000	4.244681	7.653618	3.866696	5.793479	
371.000000	4.239449	7.612403	3.852317	5.437974	
372.000000	4.234107	7.543692	3.838174	5.109200	
373.000000	4.228658	7.452575	3.824262	4.808330	
374.000000	4.223112	7.343876	3.810577	4.535739	
375.000000	4.217470	7.222054	3.797117	4.291127	
376.000000	4.211737	7.091134	3.783877	4.073630	
377.000000	4.205918	6.954665	3.770853	3.881949	
378.000000	4.200016	6.815704	3.758041	3.714458	
379.000000	4.194036	6.676819	3.745439	3.569312	
380.000000	4.187980	6.540106	3.733042	3.444535	
381.000000	4.181854	6.407228	3.720846	3.338105	
382.000000	4.175659	6.279447	3.708848	3.248011	
383.000000	4.169400	6.157678	3.697045	3.172309	
384.000000	4.163079	6.042531	3.685431	3.109162	
385.000000	4.156700	5.934360	3.674005	3.056858	
386.000000	4.150266	5.833309	3.662762	3.013835	
387.000000	4.143778	5.739355	3.651699	2.978686	
388.000000	4.137240	5.652346	3.640812	2.950159	
389.000000	4.130656	5.572030	3.630098	2.927154	
390.000000	4.124025	5.498090	3.619553	2.908715	
391.000000	4.117352	5.430164	3.609174	2.894022	
392.000000	4.110638	5.367863	3.598957	2.882375	
393.000000	4.103886	5.310791	3.588899	2.873182	
394.000000	4.097096	5.258554	3.578998	2.865951	
395.000000	4.090272	5.210765	3.569248	2.860271	
396.000000	4.083416	5.167058	3.559649	2.855805	
397.000000	4.076527	5.127087	3.550195	2.852277	
398.000000	4.069609	5.090527	3.540884	2.849461	
399.000000	4.062662	5.057081	3.531713	2.847179	
400.000000	4.055689	5.026474	3.522679	2.845284	
401.000000	4.048690	4.998455	3.513778	2.843662	
402.000000	4.041667	4.972796	3.505009	2.842222	
403.000000	4.034621	4.949291	3.496367	2.840891	
404.000000	4.027554	4.927752	3.487850	2.839615	
405.000000	4.020465	4.908011	3.479455	2.838351	
406.000000	4.013356	4.889915	3.471180	2.837065	
407.000000	4.006228	4.873327	3.463021	2.835732	
408.000000	3.999082	4.858121	3.454976	2.834336	
409.000000	3.991918	4.844186	3.447042	2.832863	
410.000000	3.984738	4.831419	3.439217	2.831303	
411.000000	3.977541	4.819728	3.431498	2.829651	
412.000000	3.970330	4.809029	3.423882	2.827904	
413.000000	3.963103	4.799245	3.416368	2.826061	
414.000000	3.955862	4.790308	3.408952	2.824124	
415.000000	3.948606	4.782154	3.401632	2.822093	
416.000000	3.941337	4.774725	3.394406	2.819972	
417.000000	3.934055	4.767969	3.387271	2.817765	
418.000000	3.926759	4.761837	3.380226	2.815479	
419.000000	3.919452	4.756284	3.373268	2.813116	
420.000000	3.912131	4.751271	3.366394	2.810685	
421.000000	3.904799	4.746760	3.359603	2.808191	
422.000000	3.897454	4.742719	3.352893	2.805642	
423.000000	3.890097	4.739115	3.346262	2.803043	
424.000000	3.882728	4.735922	3.339707	2.800403	
425.000000	3.875347	4.733113	3.333227	2.797729	
426.000000	3.867954	4.730666	3.326819	2.795027	
427.000000	3.860549	4.728558	3.320482	2.792306	
428.000000	3.853132	4.726772	3.314214	2.789572	
429.000000	3.845703	4.725291	3.308014	2.786833	
430.000000	3.838261	4.724098	3.301878	2.784096	
431.000000	3.830807	4.723181	3.295807	2.781367	
432.000000	3.823341	4.722528	3.289797	2.778653	
433.000000	3.815862	4.722127	3.283848	2.775961	
434.000000	3.808370	4.721972	3.277957	2.773296	
435.000000	3.800865	4.722051	3.272123	2.770664	
436.000000	3.793346	4.722360	3.266345	2.768070	
437.000000	3.785814	4.722892	3.260621	2.765518	
438.000000	3.778267	4.723644	3.254950	2.763014	
439.000000	3.770707	4.724611	3.249330	2.760561	
440.000000	3.763131	4.725791	3.243759	2.758162	
441.000000	3.755541	4.727180	3.238237	2.755821	
442.000000	3.747935	4.728780	3.232762	2.753539	
443.000000	3.740314	4.730588	3.227333	2.751319	
444.000000	3.732676	4.732605	3.221948	2.749161	
445.000000	3.725022	4.734832	3.216607	2.747068	
446.000000	3.717351	4.737267	3.211307	2.745038	
447.000000	3.709662	4.739915	3.206048	2.743072	
448.000000	3.701956	4.742775	3.200829	2.741168	
449.000000	3.694231	4.745850	3.195649	2.739326	
450.000000	3.686488	4.749142	3.190506	2.737542	
451.000000	3.678725	4.752654	3.185399	2.735816	
452.000000	3.670943	4.756386	3.180327	2.734143	
453.000000	3.663141	4.760344	3.175291	2.732520	
454.000000	3.655318	4.764528	3.170287	2.730942	
455.000000	3.647474	4.768941	3.165316	2.729407	
456.000000	3.639607	4.773586	3.160376	2.727907	
457.000000	3.631720	4.778465	3.155467	2.726439	
458.000000	3.623809	4.783580	3.150588	2.724996	
459.000000	3.615874	4.788934	3.145737	2.723572	
460.000000	3.607916	4.794528	3.140915	2.722160	
461.000000	3.599934	4.800365	3.136120	2.720753	
462.000000	3.591927	4.806445	3.131351	2.719344	
463.000000	3.583894	4.812770	3.126608	2.717925	
464.000000	3.575835	4.819340	3.121891	2.716489	
465.000000	3.567750	4.826156	3.117197	2.715026	
466.000000	3.559637	4.833219	3.112527	2.713530	
467.000000	3.551497	4.840528	3.107880	2.711991	
468.000000	3.543328	4.848083	3.103255	2.710400	
469.000000	3.535131	4.855882	3.098652	2.708748	
470.000000	3.526904	4.863925	3.094070	2.707027	
471.000000	3.518647	4.872211	3.089509	2.705228	
472.000000	3.510359	4.880737	3.084967	2.703341	
473.000000	3.502040	4.889501	3.080445	2.701357	
474.000000	3.493690	4.898499	3.075942	2.699267	
475.000000	3.485307	4.907730	3.071457	2.697062	
476.000000	3.476891	4.917189	3.066990	2.694732	
477.000000	3.468441	4.926872	3.062541	2.692269	
478.000000	3.459957	4.936775	3.058109	2.689663	
479.000000	3.451439	4.946894	3.053693	2.686907	
480.000000	3.442885	4.957223	3.049294	2.683990	
481.000000	3.434295	4.967756	3.044910	2.680905	
482.000000	3.425669	4.978489	3.040542	2.677644	
483.000000	3.417007	4.989414	3.036189	2.674197	
484.000000	3.408306	5.000526	3.031850	2.670558	
485.000000	3.399567	5.011817	3.027527	2.666718	
486.000000	3.390788	5.023281	3.023217	2.662671	
487.000000	3.381970	5.034909	3.018921	2.658408	
488.000000	3.373112	5.046694	3.014639	2.653923	
489.000000	3.364213	5.058630	3.010370	2.649210	
490.000000	3.355273	5.070706	3.006114	2.644263	
491.000000	3.346291	5.082915	3.001872	2.639074	
492.000000	3.337267	5.095248	2.997642	2.633640	
493.000000	3.328199	5.107697	2.993424	2.627953	
494.000000	3.319088	5.120251	2.989219	2.622011	
495.000000	3.309933	5.132903	2.985026	2.615807	
496.000000	3.300732	5.145642	2.980845	2.609338	
497.000000	3.291487	5.158460	2.976676	2.602600	
498.000000	3.282195	5.171347	2.972519	2.595590	
499.000000	3.272857	5.184292	2.968374	2.588304	
500.000000	3.263471	5.197288	2.964240	2.580740	
501.000000	3.254038	5.210322	2.960118	2.572895	
502.000000	3.244556	5.223387	2.956007	2.564767	
503.000000	3.235026	5.236471	2.951908	2.556356	
504.000000	3.225446	5.249566	2.947820	2.547658	
505.000000	3.215816	5.262661	2.943744	2.538675	
506.000000	3.206136	5.275746	2.939679	2.529405	
507.000000	3.196404	5.288812	2.935626	2.519848	
508.000000	3.186621	5.301848	2.931584	2.510004	
509.000000	3.176785	5.314847	2.927553	2.499875	
510.000000	3.166897	5.327796	2.923534	2.489460	
511.000000	3.156956	5.340688	2.919527	2.478761	
512.000000	3.146960	5.353513	2.915531	2.467780	
513.000000	3.136910	5.366261	2.911547	2.456518	
514.000000	3.126805	5.378924	2.907575	2.444979	
515.000000	3.116645	5.391492	2.903615	2.433164	
516.000000	3.106428	5.403957	2.899667	2.421076	
517.000000	3.096156	5.416310	2.895732	2.408719	
518.000000	3.085825	5.428543	2.891809	2.396095	
519.000000	3.075438	5.440647	2.887898	2.383209	
520.000000	3.064992	5.452614	2.884000	2.370064	
521.000000	3.054488	5.464436	2.880115	2.356666	
522.000000	3.043924	5.476106	2.876243	2.343017	
523.000000	3.033301	5.487616	2.872385	2.329123	
524.000000	3.022618	5.498959	2.868540	2.314988	
525.000000	3.011874	5.510128	2.864709	2.300619	
526.000000	3.001070	5.521115	2.860892	2.286019	
527.000000	2.990203	5.531916	2.857089	2.271195	
528.000000	2.979275	5.542522	2.853300	2.256152	
529.000000	2.968284	5.552928	2.849527	2.240896	
530.000000	2.957230	5.563129	2.845769	2.225432	
531.000000	2.946113	5.573119	2.842026	2.209768	
532.000000	2.934931	5.582891	2.838299	2.193909	
533.000000	2.923686	5.592443	2.834588	2.177861	
534.000000	2.912376	5.601768	2.830893	2.161632	
535.000000	2.901000	5.610861	2.827215	2.145227	
536.000000	2.889559	5.619719	2.823554	2.128653	
537.000000	2.878052	5.628338	2.819911	2.111917	
538.000000	2.866479	5.636714	2.816285	2.095025	
539.000000	2.854839	5.644843	2.812677	2.077985	
540.000000	2.843131	5.652721	2.809088	2.060803	
541.000000	2.831356	5.660347	2.805518	2.043487	
542.000000	2.819513	5.667717	2.801967	2.026043	
543.000000	2.807601	5.674828	2.798437	2.008478	
544.000000	2.795621	5.681678	2.794926	1.990799	
545.000000	2.783571	5.688266	2.791436	1.973013	
546.000000	2.771453	5.694589	2.787967	1.955127	
547.000000	2.759264	5.700645	2.784519	1.937149	
548.000000	2.747005	5.706435	2.781094	1.919084	
549.000000	2.734675	5.711955	2.777691	1.900940	
550.000000	2.722275	5.717205	2.774311	1.882724	
551.000000	2.709804	5.722185	2.770955	1.864443	
552.000000	2.697261	5.726894	2.767622	1.846103	
553.000000	2.684646	5.731332	2.764314	1.827711	
554.000000	2.671960	5.735498	2.761031	1.809274	
555.000000	2.659201	5.739394	2.757773	1.790799	
556.000000	2.646369	5.743018	2.754541	1.772291	
557.000000	2.633465	5.746372	2.751336	1.753757	
558.000000	2.620488	5.749456	2.748158	1.735205	
559.000000	2.607437	5.752272	2.745008	1.716639	
560.000000	2.594313	5.754819	2.741885	1.698067	
561.000000	2.581115	5.757099	2.738791	1.679494	
562.000000	2.567843	5.759114	2.735727	1.660926	
563.000000	2.554497	5.760866	2.732692	1.642369	
564.000000	2.541076	5.762355	2.729688	1.623829	
565.000000	2.527580	5.763583	2.726715	1.605312	
566.000000	2.514010	5.764553	2.723774	1.586822	
567.000000	2.500365	5.765266	2.720865	1.568367	
568.000000	2.486645	5.765726	2.717988	1.549950	
569.000000	2.472850	5.765933	2.715145	1.531578	
570.000000	2.458979	5.765890	2.712336	1.513255	
571.000000	2.445033	5.765601	2.709562	1.494986	
572.000000	2.431012	5.765067	2.706823	1.476776	
573.000000	2.416914	5.764291	2.704120	1.458629	
574.000000	2.402741	5.763276	2.701453	1.440551	
575.000000	2.388492	5.762026	2.698824	1.422546	
576.000000	2.374167	5.760542	2.696232	1.404618	
577.000000	2.359766	5.758829	2.693679	1.386772	
578.000000	2.345289	5.756889	2.691164	1.369011	
579.000000	2.330735	5.754725	2.688690	1.351339	
580.000000	2.316106	5.752341	2.686256	1.333760	
581.000000	2.301400	5.749741	2.683863	1.316278	
582.000000	2.286619	5.746926	2.681512	1.298897	
583.000000	2.271761	5.743902	2.679203	1.281620	
584.000000	2.256827	5.740671	2.676937	1.264450	
585.000000	2.241817	5.737237	2.674714	1.247390	
586.000000	2.226731	5.733604	2.672536	1.230444	
587.000000	2.211569	5.729775	2.670403	1.213614	
588.000000	2.196331	5.725754	2.668316	1.196903	
589.000000	2.181017	5.721544	2.666275	1.180314	
590.000000	2.165627	5.717149	2.664280	1.163850	
591.000000	2.150162	5.712574	2.662334	1.147512	
592.000000	2.134621	5.707820	2.660436	1.131304	
593.000000	2.119005	5.702893	2.658587	1.115227	
594.000000	2.103313	5.697796	2.656787	1.099284	
595.000000	2.087546	5.692533	2.655038	1.083476	
596.000000	2.071704	5.687107	2.653340	1.067806	
597.000000	2.055787	5.681523	2.651694	1.052275	
598.000000	2.039796	5.675783	2.650100	1.036885	
599.000000	2.023730	5.669892	2.648559	1.021637	
600.000000	2.007589	5.663854	2.647072	1.006533	
601.000000	1.991375	5.657671	2.645639	0.991574	
602.000000	1.975086	5.651348	2.644261	0.976761	
603.000000	1.958724	5.644889	2.642938	0.962096	
604.000000	1.942289	5.638297	2.641672	0.947580	
605.000000	1.925780	5.631575	2.640463	0.933213	
606.000000	1.909199	5.624727	2.639312	0.918997	
607.000000	1.892544	5.617758	2.638219	0.904932	
608.000000	1.875818	5.610670	2.637185	0.891019	
609.000000	1.859019	5.603467	2.636210	0.877258	
610.000000	1.842149	5.596151	2.635296	0.863650	
611.000000	1.825207	5.588728	2.634442	0.850196	
612.000000	1.808194	5.581201	2.633651	0.836895	
613.000000	1.791111	5.573571	2.632921	0.823749	
614.000000	1.773957	5.565844	2.632253	0.810756	
615.000000	1.756732	5.558022	2.631650	0.797919	
616.000000	1.739438	5.550108	2.631110	0.785235	
617.000000	1.722075	5.542107	2.630635	0.772706	
618.000000	1.704643	5.534019	2.630225	0.760332	
619.000000	1.687143	5.525851	2.629881	0.748112	
620.000000	1.669574	5.517603	2.629603	0.736045	
621.000000	1.651937	5.509280	2.629392	0.724133	
622.000000	1.634234	5.500884	2.629249	0.712374	
623.000000	1.616463	5.492417	2.629174	0.700768	
624.000000	1.598626	5.483884	2.629168	0.689315	
625.000000	1.580723	5.475287	2.629231	0.678014	
626.000000	1.562755	5.466629	2.629364	0.666865	
627.000000	1.544721	5.457912	2.629568	0.655866	
628.000000	1.526623	5.449140	2.629842	0.645018	
629.000000	1.508461	5.440314	2.630188	0.634320	
630.000000	1.490235	5.431438	2.630606	0.623771	
631.000000	1.471947	5.422514	2.631097	0.613371	
632.000000	1.453596	5.413545	2.631660	0.603118	
633.000000	1.435182	5.404533	2.632298	0.593011	
634.000000	1.416708	5.395481	2.633009	0.583051	
635.000000	1.398172	5.386391	2.633795	0.573235	
636.000000	1.379576	5.377264	2.634657	0.563563	
637.000000	1.360920	5.368105	2.635594	0.554035	
638.000000	1.342204	5.358914	2.636607	0.544648	
639.000000	1.323431	5.349695	2.637696	0.535403	
640.000000	1.304598	5.340449	2.638863	0.526297	
641.000000	1.285709	5.331178	2.640107	0.517331	
642.000000	1.266762	5.321884	2.641429	0.508502	
643.000000	1.247759	5.312570	2.642829	0.499810	
644.000000	1.228700	5.303237	2.644308	0.491253	
645.000000	1.209586	5.293887	2.645867	0.482831	
646.000000	1.190417	5.284523	2.647505	0.474543	
647.000000	1.171194	5.275145	2.649223	0.466386	
648.000000	1.151918	5.265756	2.651021	0.458360	
649.000000	1.132589	5.256357	2.652900	0.450464	
650.000000	1.113208	5.246951	2.654860	0.442696	
651.000000	1.093776	5.237538	2.656902	0.435055	
652.000000	1.074292	5.228121	2.659026	0.427541	
653.000000	1.054759	5.218700	2.661232	0.420151	
654.000000	1.035176	5.209278	2.663521	0.412884	
655.000000	1.015544	5.199856	2.665892	0.405740	
656.000000	0.995864	5.190435	2.668346	0.398716	
657.000000	0.976136	5.181017	2.670885	0.391812	
658.000000	0.956362	5.171603	2.673507	0.385026	
659.000000	0.936541	5.162194	2.676213	0.378357	
660.000000	0.916674	5.152792	2.679003	0.371804	
661.000000	0.896763	5.143398	2.681878	0.365365	
662.000000	0.876808	5.134013	2.684838	0.359039	
663.000000	0.856809	5.124638	2.687884	0.352824	
664.000000	0.836767	5.115274	2.691014	0.346720	
665.000000	0.816683	5.105924	2.694230	0.340726	
666.000000	0.796558	5.096586	2.697532	0.334839	
667.000000	0.776392	5.087263	2.700921	0.329058	
668.000000	0.756185	5.077955	2.704395	0.323383	
669.000000	0.735940	5.068664	2.707956	0.317811	
670.000000	0.715656	5.059390	2.711604	0.312342	
671.000000	0.695333	5.050135	2.715338	0.306975	
672.000000	0.674973	5.040898	2.719159	0.301707	
673.000000	0.654577	5.031682	2.723068	0.296538	
674.000000	0.634145	5.022486	2.727064	0.291467	
675.000000	0.613678	5.013311	2.731147	0.286492	
676.000000	0.593176	5.004159	2.735318	0.281611	
677.000000	0.572640	4.995029	2.739576	0.276825	
678.000000	0.552071	4.985924	2.743922	0.272130	
679.000000	0.531470	4.976842	2.748356	0.267527	
680.000000	0.510837	4.967786	2.752878	0.263014	
681.000000	0.490173	4.958755	2.757488	0.258590	
682.000000	0.469479	4.949749	2.762186	0.254253	
683.000000	0.448755	4.940771	2.766972	0.250002	
684.000000	0.428002	4.931819	2.771846	0.245837	
685.000000	0.407221	4.922895	2.776809	0.241755	
686.000000	0.386413	4.913999	2.781859	0.237756	
687.000000	0.365577	4.905131	2.786999	0.233839	
688.000000	0.344716	4.896293	2.792226	0.230002	
689.000000	0.323829	4.887483	2.797541	0.226244	
690.000000	0.302917	4.878704	2.802945	0.222564	
691.000000	0.281981	4.869954	2.808437	0.218962	
692.000000	0.261022	4.861235	2.814017	0.215435	
693.000000	0.240040	4.852547	2.819685	0.211983	
694.000000	0.219036	4.843889	2.825442	0.208605	
695.000000	0.198011	4.835263	2.831287	0.205299	
696.000000	0.176964	4.826669	2.837219	0.202065	
697.000000	0.155899	4.818107	2.843240	0.198901	
698.000000	0.134813	4.809577	2.849348	0.195807	
699.000000	0.113709	4.801079	2.855544	0.192781	
700.000000	0.092587	4.792614	2.861828	0.189823	
701.000000	0.071447	4.784181	2.868200	0.186931	
702.000000	0.050291	4.775781	2.874658	0.184104	
703.000000	0.029119	4.767414	2.881205	0.181342	
704.000000	0.007931	4.759080	2.887838	0.178643	
705.000000	-0.013271	4.750779	2.894558	0.176007	
706.000000	-0.034488	4.742512	2.901366	0.173432	
707.000000	-0.055718	4.734279	2.908260	0.170918	
708.000000	-0.076961	4.726079	2.915241	0.168463	
709.000000	-0.098216	4.717913	2.922308	0.166067	
710.000000	-0.119484	4.709780	2.929461	0.163729	
711.000000	-0.140761	4.701682	2.936701	0.161447	
712.000000	-0.162050	4.693617	2.944026	0.159222	
713.000000	-0.183348	4.685586	2.951437	0.157052	
714.000000	-0.204656	4.677589	2.958934	0.154937	
715.000000	-0.225971	4.669626	2.966516	0.152875	
716.000000	-0.247296	4.661697	2.974183	0.150865	
717.000000	-0.268627	4.653802	2.981935	0.148908	
718.000000	-0.289965	4.645941	2.989771	0.147001	
719.000000	-0.311310	4.638113	2.997692	0.145145	
720.000000	-0.332660	4.630320	3.005697	0.143338	
721.000000	-0.354015	4.622560	3.013786	0.141580	
722.000000	-0.375376	4.614834	3.021958	0.139870	
723.000000	-0.396740	4.607142	3.030214	0.138207	
724.000000	-0.418107	4.599483	3.038553	0.136590	
725.000000	-0.439483	4.591858	3.046975	0.135019	
726.000000	-0.460856	4.584267	3.055479	0.133494	
727.000000	-0.482231	4.576709	3.064066	0.132012	
728.000000	-0.503607	4.569184	3.072734	0.130574	
729.000000	-0.524985	4.561692	3.081484	0.129179	
730.000000	-0.546362	4.554234	3.090316	0.127827	
731.000000	-0.567740	4.546808	3.099229	0.126515	
732.000000	-0.589117	4.539416	3.108222	0.125245	
733.000000	-0.610492	4.532056	3.117296	0.124016	
734.000000	-0.631866	4.524729	3.126450	0.122825	
735.000000	-0.653238	4.517434	3.135684	0.121674	
736.000000	-0.674607	4.510172	3.144997	0.120562	
737.000000	-0.695974	4.502942	3.154389	0.119487	
738.000000	-0.717337	4.495744	3.163861	0.118449	
739.000000	-0.738696	4.488578	3.173410	0.117449	
740.000000	-0.760050	4.481444	3.183038	0.116484	
741.000000	-0.781399	4.474342	3.192744	0.115555	
742.000000	-0.802744	4.467271	3.202527	0.114661	
743.000000	-0.824082	4.460232	3.212387	0.113801	
744.000000	-0.845415	4.453224	3.222324	0.112975	
745.000000	-0.866741	4.446247	3.232337	0.112183	
746.000000	-0.888060	4.439301	3.242426	0.111423	
747.000000	-0.909371	4.432385	3.252591	0.110696	
748.000000	-0.930675	4.425501	3.262831	0.110001	
749.000000	-0.951971	4.418646	3.273146	0.109337	
750.000000	-0.973258	4.411822	3.283536	0.108704	
751.000000	-0.994537	4.405028	3.293999	0.108102	
752.000000	-1.015806	4.398264	3.304537	0.107529	
753.000000	-1.037065	4.391529	3.315148	0.106986	
754.000000	-1.058315	4.384824	3.325832	0.106473	
755.000000	-1.079554	4.378149	3.336588	0.105987	
756.000000	-1.100783	4.371502	3.347417	0.105530	
757.000000	-1.122001	4.364884	3.358317	0.105101	
758.000000	-1.143207	4.358296	3.369289	0.104699	
759.000000	-1.164402	4.351736	3.380332	0.104324	
760.000000	-1.185585	4.345204	3.391445	0.103976	
761.000000	-1.206756	4.338701	3.402629	0.103654	
762.000000	-1.227914	4.332225	3.413883	0.103358	
763.000000	-1.249060	4.325778	3.425206	0.103087	
764.000000	-1.270193	4.319358	3.436598	0.102841	
765.000000	-1.291311	4.312966	3.448059	0.102619	
766.000000	-1.312417	4.306601	3.459589	0.102422	
767.000000	-1.333508	4.300263	3.471185	0.102249	
768.000000	-1.354586	4.293952	3.482850	0.102100	
769.000000	-1.375649	4.287668	3.494581	0.101974	
770.000000	-1.396697	4.281411	3.506380	0.101870	
771.000000	-1.417731	4.275180	3.518244	0.101790	
772.000000	-1.438749	4.268975	3.530174	0.101731	
773.000000	-1.459752	4.262796	3.542170	0.101695	
774.000000	-1.480739	4.256643	3.554231	0.101680	
775.000000	-1.501711	4.250515	3.566357	0.101686	
776.000000	-1.522667	4.244413	3.578547	0.101714	
777.000000	-1.543607	4.238337	3.590800	0.101762	
778.000000	-1.564530	4.232285	3.603117	0.101831	
779.000000	-1.585436	4.226259	3.615497	0.101920	
780.000000	-1.606327	4.220256	3.627940	0.102029	
781.000000	-1.627200	4.214279	3.640445	0.102157	
782.000000	-1.648056	4.208326	3.653012	0.102305	
783.000000	-1.668894	4.202397	3.665640	0.102472	
784.000000	-1.689716	4.196492	3.678329	0.102658	
785.000000	-1.710520	4.190611	3.691079	0.102863	
786.000000	-1.731306	4.184754	3.703890	0.103085	
787.000000	-1.752074	4.178920	3.716760	0.103326	
788.000000	-1.772825	4.173110	3.729689	0.103585	
789.000000	-1.793557	4.167322	3.742678	0.103861	
790.000000	-1.814271	4.161557	3.755726	0.104155	
791.000000	-1.834967	4.155816	3.768831	0.104466	
792.000000	-1.855645	4.150096	3.781995	0.104794	
793.000000	-1.876303	4.144400	3.795216	0.105138	
794.000000	-1.896944	4.138725	3.808495	0.105500	
795.000000	-1.917565	4.133072	3.821830	0.105877	
796.000000	-1.938168	4.127442	3.835222	0.106271	
797.000000	-1.958752	4.121833	3.848669	0.106680	
798.000000	-1.979317	4.116246	3.862173	0.107106	
799.000000	-1.999863	4.110681	3.875731	0.107546	
800.000000	-2.020390	4.105136	3.889345	0.108002	
801.000000	-2.040897	4.099613	3.903013	0.108474	
802.000000	-2.061386	4.094110	3.916736	0.108960	
803.000000	-2.081855	4.088629	3.930512	0.109461	
804.000000	-2.102305	4.083168	3.944341	0.109976	
805.000000	-2.122736	4.077727	3.958224	0.110506	
806.000000	-2.143147	4.072307	3.972160	0.111051	
807.000000	-2.163538	4.066907	3.986148	0.111609	
808.000000	-2.183910	4.061527	4.000188	0.112182	
809.000000	-2.204263	4.056167	4.014280	0.112768	
810.000000	-2.224597	4.050827	4.028423	0.113367	
811.000000	-2.244910	4.045506	4.042617	0.113981	
812.000000	-2.265204	4.040205	4.056862	0.114607	
813.000000	-2.285479	4.034922	4.071157	0.115247	
814.000000	-2.305734	4.029659	4.085503	0.115900	
815.000000	-2.325969	4.024415	4.099898	0.116565	
816.000000	-2.346185	4.019190	4.114343	0.117244	
817.000000	-2.366382	4.013984	4.128836	0.117935	
818.000000	-2.386559	4.008796	4.143379	0.118638	
819.000000	-2.406716	4.003626	4.157969	0.119354	
820.000000	-2.426854	3.998475	4.172608	0.120082	
821.000000	-2.446973	3.993342	4.187295	0.120822	
822.000000	-2.467072	3.988227	4.202029	0.121574	
823.000000	-2.487152	3.983130	4.216810	0.122338	
824.000000	-2.507212	3.978051	4.231639	0.123113	
825.000000	-2.527253	3.972989	4.246514	0.123900	
826.000000	-2.547275	3.967945	4.261435	0.124699	
827.000000	-2.567277	3.962918	4.276402	0.125509	
828.000000	-2.587261	3.957909	4.291415	0.126330	
829.000000	-2.607225	3.952916	4.306474	0.127162	
830.000000	-2.627170	3.947941	4.321578	0.128006	
831.000000	-2.647096	3.942982	4.336726	0.128860	
832.000000	-2.667003	3.938041	4.351919	0.129725	
833.000000	-2.686891	3.933115	4.367157	0.130601	
834.000000	-2.706761	3.928207	4.382439	0.131487	
835.000000	-2.726611	3.923315	4.397764	0.132384	
836.000000	-2.746443	3.918439	4.413134	0.133291	
837.000000	-2.766256	3.913579	4.428546	0.134209	
838.000000	-2.786051	3.908736	4.444002	0.135137	
839.000000	-2.805827	3.903908	4.459500	0.136075	
840.000000	-2.825580	3.899096	4.475041	0.137023	
841.000000	-2.845319	3.894300	4.490625	0.137981	
842.000000	-2.865040	3.889520	4.506250	0.138949	
843.000000	-2.884743	3.884755	4.521918	0.139926	
844.000000	-2.904428	3.880006	4.537627	0.140913	
845.000000	-2.924095	3.875272	4.553378	0.141910	
846.000000	-2.943744	3.870553	4.569170	0.142917	
847.000000	-2.963375	3.865849	4.585003	0.143933	
848.000000	-2.982988	3.861160	4.600876	0.144958	
849.000000	-3.002584	3.856487	4.616791	0.145992	
850.000000	-3.022162	3.851827	4.632746	0.147036	
851.000000	-3.041723	3.847183	4.648741	0.148089	
852.000000	-3.061267	3.842553	4.664775	0.149151	
853.000000	-3.080794	3.837938	4.680851	0.150221	
854.000000	-3.100303	3.833338	4.696965	0.151301	
855.000000	-3.119795	3.828751	4.713119	0.152390	
856.000000	-3.139271	3.824179	4.729311	0.153487	
857.000000	-3.158730	3.819621	4.745544	0.154593	
858.000000	-3.178172	3.815078	4.761815	0.155708	
859.000000	-3.197597	3.810548	4.778125	0.156831	
860.000000	-3.217006	3.806032	4.794473	0.157963	
861.000000	-3.236399	3.801530	4.810860	0.159103	
862.000000	-3.255775	3.797041	4.827285	0.160251	
863.000000	-3.275136	3.792567	4.843748	0.161408	
864.000000	-3.294480	3.788105	4.860250	0.162573	
865.000000	-3.313809	3.783658	4.876788	0.163747	
866.000000	-3.333122	3.779223	4.893365	0.164928	
867.000000	-3.352419	3.774802	4.909979	0.166117	
868.000000	-3.371701	3.770395	4.926630	0.167315	
869.000000	-3.390967	3.766000	4.943319	0.168520	
870.000000	-3.410218	3.761619	4.960045	0.169733	
871.000000	-3.429453	3.757250	4.976808	0.170954	
872.000000	-3.448674	3.752895	4.993607	0.172183	
873.000000	-3.467880	3.748552	5.010443	0.173420	
874.000000	-3.487071	3.744222	5.027317	0.174664	
875.000000	-3.506247	3.739905	5.044226	0.175916	
876.000000	-3.525409	3.735601	5.061172	0.177175	
877.000000	-3.544556	3.731309	5.078154	0.178442	
878.000000	-3.563689	3.727029	5.095172	0.179716	
879.000000	-3.582807	3.722762	5.112227	0.180998	
880.000000	-3.601912	3.718508	5.129317	0.182287	
881.000000	-3.621002	3.714266	5.146444	0.183584	
882.000000	-3.640079	3.710036	5.163606	0.184887	
883.000000	-3.659142	3.705818	5.180804	0.186198	
884.000000	-3.678191	3.701612	5.198038	0.187516	
885.000000	-3.697227	3.697418	5.215307	0.188841	
886.000000	-3.716249	3.693236	5.232611	0.190173	
887.000000	-3.735258	3.689067	5.249951	0.191513	
888.000000	-3.754254	3.684909	5.267327	0.192859	
889.000000	-3.773237	3.680763	5.284738	0.194212	
890.000000	-3.792207	3.676628	5.302184	0.195572	
891.000000	-3.811163	3.672505	5.319665	0.196939	
892.000000	-3.830108	3.668394	5.337181	0.198312	
893.000000	-3.849039	3.664295	5.354733	0.199692	
894.000000	-3.867959	3.660207	5.372319	0.201079	
895.000000	-3.886865	3.656130	5.389940	0.202473	
896.000000	-3.905760	3.652065	5.407597	0.203873	
897.000000	-3.924642	3.648011	5.425288	0.205280	
898.000000	-3.943512	3.643968	5.443014	0.206694	
899.000000	-3.962371	3.639937	5.460774	0.208114	
900.000000	-3.981217	3.635917	5.478570	0.209540	
901.000000	-4.000052	3.631908	5.496400	0.210973	
902.000000	-4.018875	3.627910	5.514265	0.212412	
903.000000	-4.037687	3.623923	5.532165	0.213857	
904.000000	-4.056487	3.619947	5.550099	0.215309	
905.000000	-4.075275	3.615982	5.568068	0.216767	
906.000000	-4.094053	3.612027	5.586071	0.218232	
907.000000	-4.112820	3.608084	5.604110	0.219702	
908.000000	-4.131575	3.604151	5.622182	0.221179	
909.000000	-4.150320	3.600229	5.640290	0.222661	
910.000000	-4.169053	3.596318	5.658432	0.224150	
911.000000	-4.187776	3.592417	5.676609	0.225645	
912.000000	-4.206488	3.588528	5.694819	0.227146	
913.000000	-4.225190	3.584648	5.713066	0.228652	
914.000000	-4.243881	3.580779	5.731346	0.230165	
915.000000	-4.262561	3.576921	5.749660	0.231684	
916.000000	-4.281232	3.573073	5.768010	0.233208	
917.000000	-4.299892	3.569235	5.786394	0.234738	
918.000000	-4.318542	3.565408	5.804813	0.236274	
919.000000	-4.337182	3.561590	5.823267	0.237816	
920.000000	-4.355812	3.557783	5.841754	0.239363	
921.000000	-4.374432	3.553987	5.860277	0.240916	
922.000000	-4.393042	3.550200	5.878834	0.242475	
923.000000	-4.411643	3.546424	5.897426	0.244040	
924.000000	-4.430233	3.542658	5.916053	0.245610	
925.000000	-4.448814	3.538901	5.934715	0.247185	
926.000000	-4.467386	3.535155	5.953411	0.248766	
927.000000	-4.485948	3.531419	5.972142	0.250352	
928.000000	-4.504501	3.527692	5.990908	0.251944	
929.000000	-4.523044	3.523976	6.009709	0.253542	
930.000000	-4.541578	3.520269	6.028545	0.255144	
931.000000	-4.560103	3.516572	6.047415	0.256752	
932.000000	-4.578619	3.512885	6.066321	0.258366	
933.000000	-4.597126	3.509208	6.085262	0.259984	
934.000000	-4.615623	3.505540	6.104238	0.261608	
935.000000	-4.634111	3.501883	6.123249	0.263237	
936.000000	-4.652591	3.498234	6.142295	0.264872	
937.000000	-4.671062	3.494596	6.161376	0.266511	
938.000000	-4.689524	3.490967	6.180493	0.268156	
939.000000	-4.707976	3.487347	6.199645	0.269805	
940.000000	-4.726421	3.483737	6.218832	0.271460	
941.000000	-4.744856	3.480136	6.238055	0.273120	
942.000000	-4.763283	3.476545	6.257313	0.274785	
943.000000	-4.781702	3.472963	6.276607	0.276454	
944.000000	-4.800111	3.469391	6.295936	0.278129	
945.000000	-4.818512	3.465828	6.315300	0.279808	
946.000000	-4.836905	3.462274	6.334701	0.281493	
947.000000	-4.855289	3.458730	6.354137	0.283182	
948.000000	-4.873664	3.455194	6.373610	0.284876	
949.000000	-4.892031	3.451669	6.393117	0.286575	
950.000000	-4.910390	3.448152	6.412662	0.288279	
951.000000	-4.928740	3.444644	6.432241	0.289987	
952.000000	-4.947082	3.441145	6.451858	0.291700	
953.000000	-4.965415	3.437656	6.471510	0.293418	
954.000000	-4.983740	3.434176	6.491198	0.295140	
955.000000	-5.002057	3.430704	6.510923	0.296867	
956.000000	-5.020366	3.427242	6.530684	0.298599	
957.000000	-5.038666	3.423789	6.550481	0.300335	
958.000000	-5.056958	3.420345	6.570315	0.302075	
959.000000	-5.075241	3.416909	6.590186	0.303821	
960.000000	-5.093517	3.413483	6.610093	0.305570	
961.000000	-5.111784	3.410065	6.630036	0.307324	
962.000000	-5.130042	3.406656	6.650017	0.309083	
963.000000	-5.148293	3.403256	6.670034	0.310845	
964.000000	-5.166535	3.399865	6.690088	0.312613	
965.000000	-5.184769	3.396483	6.710180	0.314384	
966.000000	-5.202994	3.393109	6.730308	0.316160	
967.000000	-5.221211	3.389745	6.750473	0.317940	
968.000000	-5.239420	3.386388	6.770676	0.319724	
969.000000	-5.257621	3.383041	6.790916	0.321513	
970.000000	-5.275813	3.379702	6.811194	0.323305	
971.000000	-5.293997	3.376372	6.831509	0.325102	
972.000000	-5.312172	3.373050	6.851861	0.326903	
973.000000	-5.330339	3.369737	6.872251	0.328708	
974.000000	-5.348497	3.366433	6.892679	0.330517	
975.000000	-5.366648	3.363137	6.913144	0.332331	
976.000000	-5.384789	3.359849	6.933647	0.334148	
977.000000	-5.402922	3.356570	6.954188	0.335969	
978.000000	-5.421047	3.353300	6.974768	0.337794	
979.000000	-5.439163	3.350038	6.995385	0.339623	
980.000000	-5.457270	3.346784	7.016040	0.341456	
981.000000	-5.475368	3.343539	7.036734	0.343293	
982.000000	-5.493459	3.340302	7.057467	0.345134	
983.000000	-5.511540	3.337074	7.078237	0.346978	
984.000000	-5.529612	3.333853	7.099046	0.348827	
985.000000	-5.547676	3.330642	7.119893	0.350679	
986.000000	-5.565731	3.327438	7.140779	0.352535	
987.000000	-5.583776	3.324243	7.161704	0.354394	
988.000000	-5.601813	3.321055	7.182668	0.356258	
989.000000	-5.619841	3.317877	7.203670	0.358125	
990.000000	-5.637860	3.314706	7.224712	0.359995	
991.000000	-5.655869	3.311543	7.245792	0.361869	
992.000000	-5.673870	3.308389	7.266912	0.363747	
993.000000	-5.691861	3.305243	7.288071	0.365628	
994.000000	-5.709843	3.302105	7.309269	0.367513	
995.000000	-5.727815	3.298975	7.330506	0.369402	
996.000000	-5.745778	3.295853	7.351783	0.371294	
997.000000	-5.763731	3.292739	7.373100	0.373189	
998.000000	-5.781675	3.289633	7.394455	0.375088	
999.000000	-5.799610	3.286535	7.415851	0.376990	
1000.000000	-5.817534	3.283445	7.437286	0.378895	
1006.000000	-5.924873	3.265073	7.566738	0.390398	
1012.000000	-6.031842	3.246984	7.697638	0.402016	
1018.000000	-6.138421	3.229173	7.830002	0.413743	
1024.000000	-6.244589	3.211638	7.963845	0.425574	
1030.000000	-6.350324	3.194374	8.099179	0.437505	
1036.000000	-6.455599	3.177377	8.236017	0.449528	
1042.000000	-6.560388	3.160645	8.374370	0.461640	
1048.000000	-6.664663	3.144172	8.514247	0.473834	
1054.000000	-6.768395	3.127957	8.655655	0.486107	
1060.000000	-6.871552	3.111995	8.798601	0.498452	
1066.000000	-6.974102	3.096282	8.943089	0.510865	
1072.000000	-7.076014	3.080817	9.089124	0.523340	
1078.000000	-7.177253	3.065595	9.236705	0.535874	
1084.000000	-7.277784	3.050612	9.385832	0.548461	
1090.000000	-7.377574	3.035866	9.536503	0.561097	
1096.000000	-7.476586	3.021354	9.688713	0.573776	
1102.000000	-7.574785	3.007071	9.842459	0.586495	
1108.000000	-7.672135	2.993015	9.997729	0.599249	
1114.000000	-7.768600	2.979183	10.154518	0.612033	
1120.000000	-7.864145	2.965571	10.312812	0.624843	
1126.000000	-7.958734	2.952175	10.472598	0.637676	
1132.000000	-8.052331	2.938994	10.633863	0.650526	
1138.000000	-8.144901	2.926023	10.796590	0.663390	
1144.000000	-8.236411	2.913259	10.960760	0.676263	
1150.000000	-8.326826	2.900698	11.126355	0.689143	
1156.000000	-8.416113	2.888339	11.293354	0.702024	
1162.000000	-8.504239	2.876177	11.461733	0.714904	
1168.000000	-8.591172	2.864209	11.631470	0.727779	
1174.000000	-8.676882	2.852432	11.802538	0.740645	
1180.000000	-8.761338	2.840842	11.974912	0.753498	
1186.000000	-8.844513	2.829437	12.148562	0.766336	
1192.000000	-8.926378	2.818213	12.323462	0.779155	
1198.000000	-9.006907	2.807166	12.499580	0.791952	
1204.000000	-9.086072	2.796294	12.676886	0.804723	
1210.000000	-9.163851	2.785594	12.855348	0.817467	
1216.000000	-9.240221	2.775062	13.034931	0.830179	
1222.000000	-9.315158	2.764694	13.215604	0.842856	
1228.000000	-9.388643	2.754488	13.397331	0.855498	
1234.000000	-9.460657	2.744441	13.580078	0.868099	
1240.000000	-9.531180	2.734548	13.763809	0.880658	
1246.000000	-9.600198	2.724808	13.948487	0.893173	
1252.000000	-9.667693	2.715217	14.134077	0.905641	
1258.000000	-9.733653	2.705770	14.320539	0.918059	
1264.000000	-9.798064	2.696467	14.507839	0.930425	
1270.000000	-9.860917	2.687303	14.695937	0.942738	
1276.000000	-9.922199	2.678274	14.884796	0.954994	
1282.000000	-9.981905	2.669380	15.074378	0.967192	
1288.000000	-10.040025	2.660614	15.264645	0.979330	
1294.000000	-10.096554	2.651976	15.455558	0.991406	
1300.000000	-10.151487	2.643461	15.647079	1.003419	
1306.000000	-10.204823	2.635067	15.839172	1.015365	
1312.000000	-10.256557	2.626791	16.031797	1.027245	
1318.000000	-10.306688	2.618630	16.224916	1.039055	
1324.000000	-10.355220	2.610579	16.418493	1.050796	
1330.000000	-10.402152	2.602638	16.612492	1.062464	
1336.000000	-10.447490	2.594803	16.806873	1.074059	
1342.000000	-10.491235	2.587070	17.001602	1.085579	
1348.000000	-10.533393	2.579438	17.196642	1.097023	
1354.000000	-10.573971	2.571902	17.391958	1.108390	
1360.000000	-10.612974	2.564461	17.587515	1.119679	
1366.000000	-10.650414	2.557111	17.783278	1.130889	
1372.000000	-10.686300	2.549850	17.979214	1.142017	
1378.000000	-10.720642	2.542674	18.175287	1.153065	
1384.000000	-10.753449	2.535582	18.371469	1.164030	
1390.000000	-10.784735	2.528570	18.567724	1.174911	
1396.000000	-10.814514	2.521636	18.764023	1.185709	
1402.000000	-10.842800	2.514777	18.960335	1.196421	
1408.000000	-10.869608	2.507990	19.156628	1.207048	
1414.000000	-10.894950	2.501274	19.352875	1.217588	
1420.000000	-10.918846	2.494625	19.549047	1.228042	
1426.000000	-10.941314	2.488041	19.745117	1.238408	
1432.000000	-10.962369	2.481518	19.941057	1.248685	
1438.000000	-10.982028	2.475057	20.136843	1.258875	
1444.000000	-11.000313	2.468651	20.332447	1.268975	
1450.000000	-11.017243	2.462302	20.527849	1.278985	
1456.000000	-11.032837	2.456004	20.723021	1.288906	
1462.000000	-11.047113	2.449758	20.917942	1.298736	
1468.000000	-11.060098	2.443559	21.112593	1.308476	
1474.000000	-11.071808	2.437406	21.306948	1.318126	
1480.000000	-11.082264	2.431296	21.500990	1.327684	
1486.000000	-11.091493	2.425228	21.694702	1.337151	
1492.000000	-11.099513	2.419198	21.888062	1.346527	
1498.000000	-11.106347	2.413206	22.081053	1.355811	
1504.000000	-11.112019	2.407248	22.273661	1.365004	
1510.000000	-11.116552	2.401323	22.465868	1.374105	
1516.000000	-11.119967	2.395428	22.657660	1.383114	
1522.000000	-11.122290	2.389562	22.849022	1.392032	
1528.000000	-11.123543	2.383723	23.039944	1.400858	
1534.000000	-11.123748	2.377908	23.230410	1.409592	
1540.000000	-11.122931	2.372116	23.420410	1.418235	
1546.000000	-11.121115	2.366344	23.609934	1.426786	
1552.000000	-11.118320	2.360592	23.798971	1.435246	
1558.000000	-11.114575	2.354856	23.987514	1.443615	
1564.000000	-11.109900	2.349136	24.175552	1.451893	
1570.000000	-11.104319	2.343429	24.363081	1.460081	
1576.000000	-11.097857	2.337733	24.550091	1.468177	
1582.000000	-11.090532	2.332047	24.736576	1.476183	
1588.000000	-11.082374	2.326370	24.922535	1.484099	
1594.000000	-11.073401	2.320699	25.107958	1.491925	
1600.000000	-11.063636	2.315032	25.292847	1.499662	
1606.000000	-11.053104	2.309369	25.477194	1.507309	
1612.000000	-11.041824	2.303708	25.660997	1.514868	
1618.000000	-11.029821	2.298046	25.844257	1.522337	
1624.000000	-11.017115	2.292384	26.026974	1.529719	
1630.000000	-11.003727	2.286718	26.209143	1.537012	
1636.000000	-10.989679	2.281048	26.390766	1.544219	
1642.000000	-10.974991	2.275371	26.571844	1.551337	
1648.000000	-10.959686	2.269687	26.752380	1.558370	
1654.000000	-10.943780	2.263995	26.932373	1.565316	
1660.000000	-10.927297	2.258292	27.111828	1.572176	
1666.000000	-10.910253	2.252578	27.290747	1.578950	
1672.000000	-10.892670	2.246851	27.469131	1.585640	
1678.000000	-10.874564	2.241109	27.646988	1.592245	
1684.000000	-10.855955	2.235353	27.824320	1.598766	
1690.000000	-10.836862	2.229579	28.001131	1.605203	
1696.000000	-10.817300	2.223787	28.177429	1.611557	
1702.000000	-10.797288	2.217977	28.353218	1.617829	
1708.000000	-10.776841	2.212146	28.528505	1.624018	
1714.000000	-10.755978	2.206293	28.703295	1.630126	
1720.000000	-10.734711	2.200418	28.877598	1.636153	
1726.000000	-10.713058	2.194519	29.051416	1.642099	
1732.000000	-10.691034	2.188595	29.224762	1.647965	
1738.000000	-10.668653	2.182645	29.397640	1.653752	
1744.000000	-10.645929	2.176668	29.570061	1.659460	
1750.000000	-10.622876	2.170663	29.742031	1.665089	
1756.000000	-10.599506	2.164629	29.913561	1.670640	
1762.000000	-10.575834	2.158565	30.084656	1.676115	
1768.000000	-10.551870	2.152470	30.255329	1.681512	
1774.000000	-10.527628	2.146343	30.425589	1.686833	
1780.000000	-10.503118	2.140182	30.595444	1.692078	
1786.000000	-10.478351	2.133989	30.764904	1.697249	
1792.000000	-10.453337	2.127760	30.933979	1.702344	
1798.000000	-10.428087	2.121495	31.102680	1.707366	
1804.000000	-10.402610	2.115195	31.271015	1.712314	
1810.000000	-10.376916	2.108857	31.438997	1.717190	
1816.000000	-10.351013	2.102480	31.606634	1.721994	
1822.000000	-10.324909	2.096065	31.773939	1.726725	
1828.000000	-10.298613	2.089610	31.940922	1.731386	
1834.000000	-10.272131	2.083114	32.107590	1.735976	
1840.000000	-10.245472	2.076577	32.273960	1.740496	
1846.000000	-10.218640	2.069999	32.440037	1.744947	
1852.000000	-10.191643	2.063377	32.605835	1.749329	
1858.000000	-10.164486	2.056712	32.771362	1.753643	
1864.000000	-10.137175	2.050003	32.936630	1.757890	
1870.000000	-10.109714	2.043249	33.101654	1.762069	
1876.000000	-10.082108	2.036450	33.266438	1.766182	
1882.000000	-10.054360	2.029604	33.431000	1.770229	
1888.000000	-10.026477	2.022712	33.595341	1.774211	
1894.000000	-9.998460	2.015772	33.759480	1.778128	
1900.000000	-9.970311	2.008785	33.923428	1.781981	
1906.000000	-9.942035	2.001749	34.087185	1.785770	
1912.000000	-9.913633	1.994664	34.250774	1.789496	
1918.000000	-9.885108	1.987529	34.414200	1.793160	
1924.000000	-9.856461	1.980344	34.577473	1.796763	
1930.000000	-9.827692	1.973108	34.740601	1.800303	
1936.000000	-9.798804	1.965820	34.903599	1.803784	
1942.000000	-9.769797	1.958481	35.066471	1.807204	
1948.000000	-9.740671	1.951090	35.229237	1.810564	
1954.000000	-9.711426	1.943646	35.391895	1.813866	
1960.000000	-9.682062	1.936149	35.554459	1.817109	
1966.000000	-9.652577	1.928598	35.716942	1.820294	
1972.000000	-9.622973	1.920993	35.879349	1.823422	
1978.000000	-9.593247	1.913333	36.041691	1.826493	
1984.000000	-9.563398	1.905617	36.203976	1.829507	
1990.000000	-9.533424	1.897848	36.366211	1.832467	
1996.000000	-9.503325	1.890021	36.528408	1.835371	
2002.000000	-9.473096	1.882138	36.690578	1.838220	
2008.000000	-9.442736	1.874199	36.852722	1.841015	
2014.000000	-9.412241	1.866204	37.014851	1.843757	
2020.000000	-9.381611	1.858150	37.176975	1.846446	
2026.000000	-9.350842	1.850038	37.339100	1.849082	
2032.000000	-9.319928	1.841869	37.501236	1.851666	
2038.000000	-9.288870	1.833641	37.663383	1.854199	
2044.000000	-9.257661	1.825355	37.825558	1.856681	
2050.000000	-9.226297	1.817009	37.987762	1.859113	
2056.000000	-9.194778	1.808604	38.150002	1.861494	
2062.000000	-9.163095	1.800139	38.312286	1.863827	
2068.000000	-9.131248	1.791614	38.474621	1.866110	
2074.000000	-9.099230	1.783029	38.637012	1.868345	
2080.000000	-9.067035	1.774383	38.799465	1.870533	
2086.000000	-9.034660	1.765677	38.961987	1.872673	
2092.000000	-9.002103	1.756910	39.124580	1.874766	
2098.000000	-8.969353	1.748081	39.287254	1.876813	
2104.000000	-8.936410	1.739190	39.450012	1.878814	
2110.000000	-8.903267	1.730238	39.612858	1.880769	
2116.000000	-8.869916	1.721224	39.775799	1.882680	
2122.000000	-8.836356	1.712147	39.938835	1.884546	
2128.000000	-8.802581	1.703007	40.101974	1.886368	
2134.000000	-8.768579	1.693806	40.265224	1.888146	
2140.000000	-8.734354	1.684541	40.428581	1.889882	
2146.000000	-8.699894	1.675213	40.592052	1.891575	
2152.000000	-8.665194	1.665821	40.755642	1.893226	
2158.000000	-8.630250	1.656366	40.919350	1.894835	
2164.000000	-8.595053	1.646848	41.083183	1.896403	
2170.000000	-8.559599	1.637266	41.247147	1.897930	
2176.000000	-8.523882	1.627619	41.411236	1.899417	
2182.000000	-8.487897	1.617908	41.575459	1.900864	
2188.000000	-8.451635	1.608134	41.739815	1.902272	
2194.000000	-8.415092	1.598294	41.904305	1.903640	
2200.000000	-8.378263	1.588390	42.068935	1.904970	
2206.000000	-8.341136	1.578421	42.233707	1.906262	
2212.000000	-8.303711	1.568387	42.398621	1.907516	
2218.000000	-8.265981	1.558288	42.563675	1.908733	
2224.000000	-8.227936	1.548124	42.728874	1.909913	
2230.000000	-8.189573	1.537894	42.894218	1.911056	
2236.000000	-8.150886	1.527600	43.059708	1.912163	
2242.000000	-8.111868	1.517239	43.225342	1.913235	
2248.000000	-8.072509	1.506814	43.391125	1.914271	
2254.000000	-8.032811	1.496322	43.557053	1.915272	
2260.000000	-7.992762	1.485764	43.723129	1.916239	
2266.000000	-7.952356	1.475140	43.889351	1.917172	
2272.000000	-7.911589	1.464451	44.055721	1.918071	
2278.000000	-7.870455	1.453695	44.222237	1.918936	
2284.000000	-7.828947	1.442873	44.388897	1.919769	
2290.000000	-7.787055	1.431985	44.555702	1.920569	
2296.000000	-7.744783	1.421031	44.722652	1.921337	
2302.000000	-7.702116	1.410010	44.889744	1.922073	
2308.000000	-7.659051	1.398923	45.056976	1.922778	
2314.000000	-7.615582	1.387769	45.224350	1.923452	
2320.000000	-7.571709	1.376548	45.391861	1.924094	
2326.000000	-7.527415	1.365261	45.559513	1.924707	
2332.000000	-7.482704	1.353907	45.727295	1.925289	
2338.000000	-7.437565	1.342487	45.895214	1.925841	
2344.000000	-7.391998	1.330999	46.063263	1.926365	
2350.000000	-7.345988	1.319445	46.231438	1.926859	
2356.000000	-7.299541	1.307824	46.399742	1.927324	
2362.000000	-7.252644	1.296136	46.568172	1.927761	
2368.000000	-7.205297	1.284381	46.736721	1.928171	
2374.000000	-7.157485	1.272559	46.905392	1.928552	
2380.000000	-7.109217	1.260670	47.074177	1.928906	
2386.000000	-7.060478	1.248714	47.243073	1.929233	
2392.000000	-7.011268	1.236691	47.412083	1.929534	
2398.000000	-6.961575	1.224600	47.581200	1.929808	
2404.000000	-6.911406	1.212443	47.750416	1.930055	
2410.000000	-6.860746	1.200219	47.919739	1.930278	
2416.000000	-6.809596	1.187927	48.089153	1.930474	
2422.000000	-6.757945	1.175568	48.258663	1.930646	
2428.000000	-6.705800	1.163143	48.428265	1.930792	
2434.000000	-6.653146	1.150650	48.597950	1.930914	
2440.000000	-6.599984	1.138090	48.767719	1.931012	
2446.000000	-6.546305	1.125462	48.937565	1.931086	
2452.000000	-6.492114	1.112768	49.107487	1.931136	
2458.000000	-6.437399	1.100006	49.277477	1.931163	
2464.000000	-6.382158	1.087178	49.447536	1.931166	
2470.000000	-6.326388	1.074282	49.617657	1.931147	
2476.000000	-6.270086	1.061319	49.787834	1.931105	
2482.000000	-6.213250	1.048288	49.958065	1.931041	
2488.000000	-6.155869	1.035191	50.128342	1.930955	
2494.000000	-6.097949	1.022027	50.298668	1.930847	
2500.000000	-6.039479	1.008795	50.469032	1.930717	